UniprotID	residue	expected_score	anchor2_score
A0QTN8	17	1	29.200000
A0QTN8	18	1	30.970000
A0QTN8	19	1	32.610000
A0QTN8	20	1	34.130000
A0QTN8	21	1	35.210000
A0QTN8	22	1	35.000000
A0QTN8	23	1	35.070000
A0QTN8	24	1	34.780000
A0QTN8	25	1	34.390000
A0QTN8	26	1	33.060000
A0QTN8	27	1	32.270000
B7TVP1	237	1	42.890000
B7TVP1	238	1	43.150000
B7TVP1	239	1	42.390000
B7TVP1	240	1	41.110000
B7TVP1	241	1	39.370000
B7TVP1	242	1	37.290000
B7TVP1	243	1	35.540000
B7TVP1	244	1	33.920000
B7TVP1	245	1	32.430000
B7TVP1	246	1	31.240000
B7TVP1	247	1	29.940000
B7TVP1	248	1	28.560000
B7TVP1	249	1	26.910000
B7TVP1	250	1	25.660000
D0EM60	515	1	40.630000
D0EM60	516	1	40.870000
D0EM60	517	1	41.190000
D0EM60	518	1	41.740000
D0EM60	519	1	42.070000
D0EM60	520	1	42.180000
D0EM60	521	1	42.220000
D0EM60	522	1	42.250000
D7PC21	151	1	34.310000
D7PC21	152	1	33.740000
D7PC21	153	1	33.560000
D7PC21	154	1	33.870000
D7PC21	155	1	33.930000
D7PC21	156	1	34.370000
D7PC21	157	1	34.780000
D7PC21	158	1	35.050000
D7PC21	159	1	35.200000
D7PC21	160	1	35.530000
D7PC21	161	1	35.760000
D7PC21	162	1	36.360000
F1RQI7	175	1	35.650000
F1RQI7	176	1	35.180000
F1RQI7	177	1	35.220000
F1RQI7	178	1	35.720000
F1RQI7	179	1	36.380000
I6Y9J2	308	1	42.690000
I6Y9J2	309	1	42.290000
I6Y9J2	310	1	42.000000
I6Y9J2	311	1	41.040000
I6Y9J2	312	1	40.530000
I6Y9J2	313	1	39.750000
I6Y9J2	314	1	39.940000
I6Y9J2	315	1	40.250000
I6Y9J2	316	1	40.710000
I6Y9J2	317	1	41.480000
I6Y9J2	318	1	42.510000
I6Y9J2	319	1	43.130000
O07347	272	1	40.820000
O07347	273	1	41.710000
O07347	274	1	42.670000
O07347	275	1	43.140000
O07347	276	1	42.060000
O07347	277	1	41.090000
O14757	74	1	28.190000
O14757	75	1	28.210000
O14757	76	1	28.390000
O14757	77	1	27.870000
O14757	78	1	27.520000
O14757	79	1	27.540000
O14757	80	1	27.320000
O14757	81	1	26.890000
O28126	89	1	21.210000
O28126	90	1	22.560000
O28126	91	1	23.220000
O28126	92	1	24.240000
O28126	93	1	25.410000
O28126	94	1	27.030000
O28126	95	1	27.660000
O43924	111	1	16.610000
O43924	112	1	15.980000
O43924	113	1	15.240000
O43924	114	1	14.510000
O43924	115	1	13.700000
O43924	116	1	13.100000
O59282	26	1	41.820000
O59282	27	1	43.000000
O59282	28	1	40.680000
O59282	29	1	40.480000
O59282	30	1	39.590000
O59282	31	1	38.410000
O59282	32	1	39.030000
O60341	460	1	41.130000
O60341	461	1	41.040000
O60341	462	1	41.080000
O60341	463	1	40.780000
O60341	464	1	40.670000
O60341	465	1	40.660000
O60341	466	1	40.440000
O60341	467	1	40.200000
O60341	468	1	40.560000
O60341	469	1	41.020000
O60341	470	1	42.120000
O60341	471	1	43.150000
O60341	472	1	42.810000
O60341	473	1	42.100000
O60341	474	1	41.060000
O76074	791	1	40.880000
O76074	792	1	39.110000
O76074	793	1	37.960000
O76074	794	1	36.890000
O76074	795	1	36.690000
O76074	796	1	36.520000
O76074	797	1	36.050000
O76074	798	1	35.860000
O76074	799	1	36.380000
O76074	800	1	36.610000
O76074	801	1	36.510000
O76074	802	1	36.110000
O76074	803	1	36.160000
O76074	804	1	36.050000
O76074	805	1	35.660000
O76074	806	1	34.680000
O76074	807	1	33.830000
P00509	10	1	42.360000
P00509	11	1	41.700000
P00509	12	1	40.930000
P00509	13	1	40.100000
P00509	14	1	39.100000
P00509	15	1	38.560000
P00509	16	1	37.920000
P00509	17	1	37.800000
P00509	21	1	40.300000
P00509	22	1	41.670000
P00509	23	1	43.030000
P00509	24	1	42.400000
P00509	25	1	41.140000
P00509	26	1	40.340000
P00509	27	1	39.200000
P00509	28	1	38.390000
P00592	38	1	4.730000
P00592	39	1	4.640000
P00592	40	1	4.740000
P00592	41	1	3.970000
P00592	42	1	3.210000
P00592	43	1	2.560000
P00766	71	1	21.990000
P00766	72	1	20.200000
P00766	73	1	18.680000
P00766	74	1	17.380000
P00766	75	1	16.320000
P00766	76	1	15.560000
P00797	353	1	20.640000
P00797	354	1	19.950000
P00797	355	1	19.180000
P00797	356	1	18.750000
P00797	357	1	18.490000
P00797	358	1	18.280000
P00797	359	1	18.400000
P00797	360	1	18.820000
P00797	361	1	19.790000
P01112	66	1	42.270000
P01112	67	1	42.280000
P01112	68	1	42.290000
P01112	69	1	43.330000
P01112	70	1	43.050000
P01112	71	1	42.470000
P02754	169	1	40.610000
P02754	170	1	36.500000
P02754	171	1	32.870000
P02754	172	1	29.860000
P02754	173	1	27.030000
P02754	174	1	25.440000
P02754	175	1	23.870000
P02754	176	1	21.880000
P02754	177	1	21.560000
P02754	178	1	20.910000
P02945	166	1	0.040000
P02945	167	1	0.050000
P02945	168	1	0.080000
P02945	169	1	0.130000
P02945	170	1	0.200000
P02945	171	1	0.280000
P02945	172	1	0.360000
P02945	173	1	0.460000
P02945	174	1	0.540000
P02945	175	1	0.560000
P02945	176	1	0.550000
P02945	177	1	0.520000
P02945	178	1	0.480000
P02945	179	1	0.430000
P02945	244	1	20.610000
P02945	245	1	24.110000
P02945	246	1	26.630000
P02945	247	1	29.110000
P02945	248	1	30.490000
P02945	249	1	32.000000
P02945	250	1	32.760000
P02945	251	1	32.590000
P02945	252	1	31.800000
P03252	97	1	13.610000
P03252	98	1	12.980000
P03252	99	1	12.290000
P03252	100	1	11.660000
P03252	101	1	11.270000
P03252	102	1	10.760000
P03252	103	1	10.220000
P03252	104	1	9.800000
P04547	68	1	2.600000
P04547	69	1	2.620000
P04547	70	1	2.760000
P04547	71	1	2.890000
P04547	72	1	3.070000
P04547	73	1	3.270000
P04547	74	1	3.470000
P04547	75	1	3.630000
P04547	76	1	3.680000
P04547	108	1	7.600000
P04547	109	1	8.190000
P04547	110	1	8.420000
P04547	111	1	8.620000
P04547	112	1	8.870000
P04547	113	1	9.160000
P04547	114	1	9.400000
P04547	115	1	9.300000
P04547	116	1	8.880000
P04547	117	1	8.400000
P04547	118	1	7.630000
P04547	119	1	7.050000
P04547	120	1	6.570000
P04547	121	1	6.290000
P04547	122	1	6.060000
P05326	324	1	43.690000
P05326	325	1	43.770000
P05326	326	1	43.560000
P05326	327	1	43.400000
P05326	328	1	43.310000
P05326	329	1	43.300000
P05326	330	1	43.360000
P05326	331	1	43.210000
P06129	77	1	32.270000
P06129	78	1	31.850000
P06129	79	1	31.280000
P06129	80	1	30.770000
P06129	81	1	30.320000
P06129	82	1	29.990000
P06129	249	1	38.370000
P06129	250	1	39.060000
P06129	251	1	39.740000
P06129	252	1	40.110000
P06129	253	1	39.880000
P06129	254	1	38.390000
P06129	255	1	38.130000
P06129	256	1	38.480000
P06129	257	1	39.010000
P06129	258	1	39.980000
P06129	259	1	40.730000
P06129	260	1	40.190000
P06129	594	1	22.000000
P06129	595	1	21.250000
P06129	596	1	20.690000
P06129	597	1	19.880000
P06129	598	1	18.520000
P06129	599	1	17.380000
P06129	600	1	16.210000
P06129	601	1	15.380000
P06709	116	1	11.860000
P06709	117	1	12.590000
P06709	118	1	13.370000
P06709	119	1	14.480000
P06709	120	1	15.490000
P06709	121	1	16.620000
P06709	122	1	17.910000
P06709	123	1	19.010000
P06709	124	1	19.220000
P07737	57	1	39.860000
P07737	58	1	40.720000
P07737	59	1	41.610000
P07737	60	1	40.920000
P07737	61	1	39.870000
P07737	62	1	38.730000
P08174	206	1	29.740000
P08174	207	1	29.410000
P08174	208	1	29.510000
P08174	209	1	30.870000
P08174	210	1	30.650000
P08174	211	1	30.560000
P09527	65	1	17.100000
P09527	66	1	16.120000
P09527	67	1	15.790000
P09527	68	1	16.050000
P09527	69	1	16.160000
P09527	70	1	16.200000
P09527	71	1	16.280000
P09651	94	1	42.370000
P09651	95	1	42.570000
P09651	96	1	42.820000
P09651	97	1	43.250000
P09651	98	1	44.100000
P09651	99	1	44.920000
P0A386	158	1	22.360000
P0A386	159	1	21.300000
P0A386	160	1	20.390000
P0A386	161	1	19.570000
P0A386	162	1	18.590000
P0A386	163	1	17.570000
P0A7G6	158	1	32.020000
P0A7G6	159	1	31.650000
P0A7G6	160	1	31.200000
P0A7G6	161	1	31.380000
P0A7G6	162	1	32.540000
P0A7G6	163	1	33.610000
P0A7G6	164	1	34.930000
P0A7G6	165	1	35.070000
P0A817	103	1	43.260000
P0A817	104	1	43.250000
P0A817	105	1	43.350000
P0A817	106	1	43.210000
P0A817	107	1	42.970000
P0A817	108	1	42.760000
P10824	10	1	40.450000
P10824	11	1	40.510000
P10824	12	1	40.870000
P10824	13	1	40.650000
P10824	14	1	41.010000
P10824	15	1	40.990000
P10824	16	1	41.010000
P10824	17	1	40.880000
P10824	18	1	40.540000
P10824	19	1	41.390000
P10824	20	1	42.690000
P10824	21	1	42.850000
P10824	22	1	41.480000
P10824	23	1	40.560000
P10824	24	1	39.200000
P10824	25	1	38.090000
P10824	26	1	37.350000
P10824	27	1	37.170000
P10824	28	1	37.770000
P10824	29	1	38.730000
P10824	30	1	40.510000
P10824	31	1	42.360000
P11838	166	1	40.850000
P11838	167	1	41.530000
P11838	168	1	41.940000
P11838	169	1	42.780000
P11838	170	1	43.300000
P11838	171	1	42.870000
P11838	172	1	42.320000
P11838	173	1	41.990000
P11838	174	1	41.670000
P11838	200	1	33.440000
P11838	201	1	33.790000
P11838	202	1	34.010000
P11838	203	1	34.310000
P11838	204	1	35.150000
P11838	205	1	36.310000
P11838	206	1	36.920000
P11838	207	1	38.450000
P11838	208	1	39.870000
P17169	603	1	16.520000
P17169	604	1	16.010000
P17169	605	1	15.770000
P17169	606	1	15.490000
P17169	607	1	15.770000
P17169	608	1	15.610000
P17169	609	1	16.200000
P17291	147	1	44.030000
P17291	148	1	44.340000
P17291	149	1	44.700000
P17291	150	1	45.070000
P17291	151	1	45.350000
P19400	138	1	46.730000
P19400	139	1	46.780000
P19400	140	1	47.040000
P19400	141	1	48.170000
P19400	142	1	49.710000
P19400	153	1	79.360000
P19400	154	1	79.810000
P19400	155	1	80.800000
P19400	156	1	81.290000
P19400	157	1	81.530000
P19821	504	1	36.240000
P19821	505	1	35.140000
P19821	506	1	34.440000
P19821	507	1	34.030000
P19821	508	1	33.920000
P19821	509	1	34.140000
P19821	510	1	34.320000
P19821	511	1	34.730000
P19821	512	1	35.800000
P20058	124	1	27.790000
P20058	125	1	25.740000
P20058	126	1	24.100000
P20058	127	1	22.850000
P20058	128	1	22.110000
P20058	129	1	21.500000
P20058	130	1	20.750000
P22301	56	1	42.300000
P22301	57	1	42.360000
P22301	58	1	41.070000
P22301	59	1	39.300000
P22301	60	1	37.290000
P22301	61	1	34.770000
P22301	62	1	33.410000
P23470	292	1	34.250000
P23470	293	1	33.940000
P23470	294	1	33.570000
P23470	295	1	33.220000
P23470	296	1	33.360000
P23470	297	1	33.570000
P23940	79	1	43.210000
P23940	80	1	42.950000
P23940	81	1	42.390000
P23940	82	1	41.130000
P23940	83	1	38.400000
P23940	84	1	34.470000
P23940	85	1	31.320000
P23940	86	1	28.740000
P23940	87	1	26.780000
P23940	88	1	25.180000
P23940	89	1	24.450000
P23940	90	1	23.820000
P23940	91	1	23.330000
P24941	147	1	1.710000
P24941	148	1	1.710000
P24941	149	1	1.800000
P24941	150	1	1.960000
P24941	151	1	2.120000
P24941	152	1	2.330000
P24941	153	1	2.510000
P24941	154	1	2.730000
P24941	155	1	3.040000
P24941	156	1	3.310000
P24941	157	1	3.900000
P24941	158	1	4.450000
P24941	159	1	4.920000
P25685	336	1	42.410000
P25685	337	1	42.390000
P25685	338	1	42.540000
P25685	339	1	42.250000
P25685	340	1	41.670000
P28482	175	1	8.490000
P28482	176	1	9.200000
P28482	177	1	9.850000
P28482	178	1	10.360000
P28482	179	1	10.910000
P28482	180	1	11.430000
P28482	181	1	12.030000
P28482	182	1	13.240000
P28482	183	1	14.720000
P28482	184	1	15.820000
P28482	185	1	16.600000
P28482	186	1	17.700000
P28482	187	1	18.600000
P28482	188	1	19.730000
P28482	189	1	20.410000
P28631	259	1	33.560000
P28631	260	1	32.300000
P28631	261	1	30.750000
P28631	262	1	29.360000
P28631	263	1	28.000000
P28631	264	1	26.630000
P29218	31	1	39.400000
P29218	32	1	39.880000
P29218	33	1	41.210000
P29218	34	1	42.400000
P29218	35	1	43.010000
P29218	36	1	42.660000
P29218	37	1	43.200000
P29218	38	1	43.300000
P29218	39	1	43.260000
P31570	184	1	40.770000
P31570	185	1	39.940000
P31570	186	1	38.950000
P31570	187	1	37.990000
P31570	188	1	37.500000
P31570	189	1	36.870000
P31570	190	1	36.400000
P31570	191	1	36.200000
P31570	192	1	36.050000
P31570	193	1	35.080000
P31570	194	1	34.480000
P31570	195	1	33.830000
P31570	196	1	34.110000
P35555	1539	1	4.190000
P35555	1540	1	3.470000
P35555	1541	1	2.750000
P35555	1542	1	2.180000
P35555	1543	1	1.910000
P35555	1544	1	1.570000
P35555	1545	1	1.450000
P35555	1546	1	1.020000
P35555	1547	1	0.800000
P35555	1548	1	0.680000
P36897	175	1	33.500000
P36897	176	1	34.310000
P36897	177	1	35.240000
P36897	178	1	36.080000
P36897	179	1	37.170000
P36897	180	1	38.250000
P36897	181	1	39.120000
P36897	182	1	39.890000
P36897	183	1	40.420000
P36897	184	1	41.120000
P36897	185	1	41.330000
P36897	186	1	41.840000
P36897	187	1	42.580000
P36897	188	1	43.150000
P36897	189	1	43.350000
P36897	190	1	43.340000
P36897	191	1	42.990000
P36897	192	1	42.370000
P36897	193	1	42.070000
P36897	194	1	41.900000
P36897	195	1	41.660000
P36897	196	1	41.230000
P36897	197	1	41.680000
P36897	198	1	43.050000
P36897	199	1	42.310000
P40136	580	1	42.390000
P40136	581	1	42.210000
P40136	582	1	42.000000
P40136	583	1	41.940000
P40136	584	1	42.190000
P40136	585	1	42.610000
P40136	586	1	43.240000
P40136	587	1	43.170000
P40136	588	1	42.870000
P40136	589	1	42.570000
P40136	590	1	42.120000
P42700	336	1	25.740000
P42700	337	1	24.770000
P42700	338	1	24.260000
P42700	339	1	23.540000
P42700	340	1	23.480000
P49137	230	1	17.910000
P49137	231	1	18.380000
P49137	232	1	19.440000
P49137	233	1	20.970000
P49137	234	1	21.280000
P49137	235	1	21.020000
P52732	174	1	42.960000
P52732	175	1	43.340000
P52732	176	1	43.210000
P52732	177	1	42.850000
P52732	178	1	42.620000
P52732	179	1	42.290000
P52732	180	1	42.110000
P52732	181	1	42.230000
P53779	71	1	17.250000
P53779	72	1	16.340000
P53779	73	1	15.650000
P53779	74	1	15.100000
P53779	75	1	14.870000
P53779	364	1	42.590000
P53779	365	1	42.790000
P53779	366	1	42.910000
P53779	367	1	43.040000
P53779	368	1	43.190000
P71707	780	1	86.460000
P71707	781	1	89.890000
P71707	782	1	92.080000
P71707	783	1	93.110000
P71707	784	1	93.960000
P71707	785	1	94.770000
P74873	196	1	44.170000
P74873	197	1	44.120000
P74873	198	1	44.060000
P74873	199	1	43.900000
P74873	200	1	43.840000
P74873	201	1	43.780000
P74873	202	1	43.770000
P74873	203	1	43.720000
P74873	204	1	43.640000
P74873	205	1	43.530000
P74873	206	1	43.440000
P74873	220	1	43.230000
P74873	221	1	43.130000
P74873	222	1	43.160000
P74873	223	1	43.210000
P74873	224	1	43.060000
P74873	248	1	40.970000
P74873	249	1	40.830000
P74873	250	1	40.740000
P74873	251	1	40.900000
P74873	252	1	41.020000
P84022	324	1	6.480000
P84022	325	1	6.440000
P84022	326	1	6.680000
P84022	327	1	6.240000
P84022	328	1	5.060000
P84022	381	1	19.490000
P84022	382	1	17.530000
P84022	383	1	15.730000
P84022	384	1	13.610000
P84022	385	1	12.480000
P84022	386	1	11.810000
P84022	387	1	11.180000
P9WPN8	75	1	41.200000
P9WPN8	76	1	41.050000
P9WPN8	77	1	41.060000
P9WPN8	78	1	40.870000
P9WPN8	79	1	40.410000
Q00987	6	1	41.350000
Q00987	7	1	41.450000
Q00987	8	1	41.670000
Q00987	9	1	42.190000
Q00987	10	1	42.780000
Q00987	11	1	43.330000
Q07960	403	1	26.740000
Q07960	404	1	25.190000
Q07960	405	1	24.230000
Q07960	406	1	22.710000
Q07960	407	1	21.380000
Q07960	408	1	20.280000
Q07960	409	1	20.140000
Q07960	410	1	19.900000
Q07960	411	1	19.760000
Q07960	412	1	20.080000
Q09028	16	1	36.990000
Q09028	17	1	35.880000
Q09028	18	1	34.410000
Q09028	19	1	33.390000
Q09028	20	1	32.770000
Q09028	21	1	32.430000
Q09028	22	1	32.340000
Q09028	23	1	32.960000
Q12341	200	1	4.380000
Q12341	201	1	4.650000
Q12341	202	1	4.870000
Q12341	203	1	5.110000
Q12341	204	1	5.440000
Q12341	205	1	5.820000
Q12341	206	1	5.920000
Q12341	207	1	5.970000
Q12341	208	1	5.940000
Q13325	190	1	29.420000
Q13325	191	1	29.690000
Q13325	192	1	29.980000
Q13325	193	1	30.250000
Q13325	194	1	30.500000
Q13325	195	1	30.600000
Q14012	278	1	37.200000
Q14012	279	1	38.110000
Q14012	280	1	38.820000
Q14012	281	1	39.190000
Q14012	282	1	39.910000
Q14012	283	1	40.890000
Q14012	284	1	41.360000
Q14012	285	1	41.750000
Q14012	286	1	42.010000
Q14012	287	1	42.470000
Q14012	288	1	42.560000
Q14012	289	1	41.990000
Q14012	290	1	41.430000
Q14012	291	1	41.290000
Q14012	292	1	41.310000
Q14012	293	1	40.390000
Q14671	1150	1	32.770000
Q14671	1151	1	32.520000
Q14671	1152	1	32.150000
Q14671	1153	1	30.900000
Q14671	1154	1	29.820000
Q14671	1155	1	28.820000
Q14671	1156	1	28.290000
Q14671	1157	1	28.380000
Q14671	1158	1	28.850000
Q14671	1159	1	29.650000
Q14671	1160	1	29.900000
Q14671	1161	1	30.000000
Q14671	1162	1	29.250000
Q14671	1163	1	28.970000
Q14671	1164	1	28.860000
Q14671	1165	1	28.970000
Q16539	115	1	7.820000
Q16539	116	1	7.940000
Q16539	117	1	8.330000
Q16539	118	1	8.850000
Q16539	119	1	9.460000
Q16539	120	1	9.690000
Q16539	121	1	9.830000
Q16539	122	1	10.140000
Q45488	38	1	39.210000
Q45488	39	1	39.160000
Q45488	40	1	39.510000
Q45488	41	1	39.480000
Q45488	42	1	39.790000
Q45488	43	1	40.340000
Q45488	44	1	40.910000
Q45488	115	1	32.260000
Q45488	116	1	32.160000
Q45488	117	1	32.230000
Q45488	118	1	31.890000
Q45488	119	1	31.230000
Q45488	120	1	30.520000
Q45488	121	1	29.500000
Q45488	122	1	28.290000
Q60176	224	1	13.120000
Q60176	225	1	13.590000
Q60176	226	1	14.430000
Q60176	227	1	15.180000
Q60176	228	1	16.060000
Q60176	229	1	16.630000
Q74P24	80	1	36.370000
Q74P24	81	1	35.500000
Q74P24	82	1	34.800000
Q74P24	83	1	34.470000
Q74P24	84	1	34.660000
Q74P24	85	1	34.610000
Q74P24	86	1	35.010000
Q74P24	87	1	35.750000
Q74P24	88	1	36.540000
Q74P24	377	1	36.840000
Q74P24	378	1	36.090000
Q74P24	379	1	35.930000
Q74P24	380	1	35.950000
Q74P24	381	1	36.290000
Q74P24	382	1	37.070000
Q74P24	383	1	37.990000
Q84AF2	42	1	24.040000
Q84AF2	43	1	22.970000
Q84AF2	44	1	22.390000
Q84AF2	45	1	22.430000
Q84AF2	46	1	22.910000
Q8PJX9	429	1	43.070000
Q8PJX9	430	1	43.070000
Q8PJX9	431	1	43.120000
Q8PJX9	432	1	42.970000
Q8PJX9	433	1	42.380000
Q8PJX9	434	1	41.240000
Q8RNV8	99	1	42.430000
Q8RNV8	100	1	41.330000
Q8RNV8	101	1	40.750000
Q8RNV8	102	1	40.050000
Q8RNV8	103	1	39.190000
Q8WTS6	70	1	42.400000
Q8WTS6	71	1	42.970000
Q8WTS6	72	1	43.190000
Q8WTS6	73	1	43.370000
Q8WTS6	74	1	43.190000
Q8WTS6	75	1	42.500000
Q8WTS6	76	1	42.370000
Q8WTS6	77	1	41.760000
Q8WTS6	78	1	41.090000
Q96S59	141	1	82.530000
Q96S59	142	1	79.970000
Q96S59	143	1	77.580000
Q96S59	144	1	75.590000
Q96S59	145	1	75.100000
Q96S59	146	1	74.950000
Q9CCZ4	58	1	41.030000
Q9CCZ4	59	1	39.600000
Q9CCZ4	60	1	37.940000
Q9CCZ4	61	1	35.640000
Q9CCZ4	62	1	33.400000
Q9CCZ4	63	1	30.900000
Q9CCZ4	64	1	28.180000
Q9CCZ4	65	1	25.810000
Q9CCZ4	66	1	24.340000
Q9CCZ4	67	1	23.100000
Q9CCZ4	68	1	21.440000
Q9CCZ4	69	1	20.100000
Q9K2N0	32	1	9.880000
Q9K2N0	33	1	10.000000
Q9K2N0	34	1	10.410000
Q9K2N0	35	1	10.510000
Q9K2N0	36	1	10.220000
Q9K2N0	37	1	10.140000
Q9K2N0	38	1	10.160000
Q9U1E1	145	1	37.650000
Q9U1E1	146	1	36.360000
Q9U1E1	147	1	35.010000
Q9U1E1	148	1	33.950000
Q9U1E1	149	1	32.780000
Q9U1E1	150	1	31.560000
Q9X1H7	47	1	22.370000
Q9X1H7	48	1	21.480000
Q9X1H7	49	1	20.990000
Q9X1H7	50	1	20.610000
Q9X1H7	51	1	19.760000
Q9X1H7	52	1	18.700000
Q9X1H7	53	1	17.670000
Q9X1H7	54	1	16.340000
Q9X1H7	55	1	15.370000
Q9X1H7	56	1	14.800000
Q9X1H7	57	1	14.520000
Q9X1H7	58	1	14.230000
Q9X1H7	59	1	14.030000
Q9Y5B9	745	1	34.230000
Q9Y5B9	746	1	34.610000
Q9Y5B9	747	1	35.380000
Q9Y5B9	748	1	35.980000
Q9Y5B9	749	1	36.510000
Q9Y5B9	750	1	37.100000
