UniprotID	residue	expected_score	anchor2_score
A0A3I6	322	1	37.910000
A0A3I6	323	1	37.840000
A0A3I6	324	1	37.760000
A0A3I6	325	1	37.660000
A0A3I6	326	1	37.160000
A0A3I6	327	1	36.760000
A0A3I6	328	1	36.570000
A0A3I6	329	1	36.850000
A0A3I6	330	1	37.450000
A0A3I6	331	1	37.870000
A0A3I6	332	1	38.570000
A0A3I6	333	1	38.510000
A0A3I6	334	1	38.310000
A0JND0	560	1	76.540000
A0JND0	561	1	79.570000
A0JND0	562	1	82.250000
A0JND0	563	1	83.720000
A0JND0	564	1	85.280000
A0JND0	565	1	86.200000
A0JND0	566	1	86.720000
A0JND0	567	1	87.140000
A0JND0	568	1	87.600000
A0JND0	569	1	87.550000
A0JND0	570	1	87.510000
A0JND0	571	1	87.450000
A0JND0	572	1	87.200000
A0JND0	573	1	87.020000
A0JND0	574	1	87.450000
A0JND0	575	1	86.860000
A0JND0	576	1	86.710000
A0JND0	577	1	86.720000
A0MG65	20	1	47.970000
A0MG65	21	1	47.650000
A0MG65	22	1	47.550000
A0MG65	23	1	47.420000
A0MG65	24	1	47.370000
A0MG65	25	1	47.290000
A0MG65	26	1	47.270000
A0MG65	27	1	47.300000
A0MG65	28	1	47.320000
A0MG65	29	1	46.820000
A0MG65	30	1	46.410000
A0SIB9	24	1	91.400000
A0SIB9	25	1	92.040000
A0SIB9	26	1	93.230000
A0SIB9	27	1	94.670000
A0SIB9	28	1	95.980000
A0SIB9	29	1	97.050000
A0SIB9	30	1	97.910000
A0SIB9	31	1	98.300000
A0SIB9	32	1	98.360000
A0SIB9	33	1	98.360000
A0SIB9	34	1	98.540000
A0SIB9	35	1	98.580000
A0SIB9	36	1	98.630000
A0SIB9	37	1	98.440000
A0SIB9	38	1	97.970000
A0SIB9	39	1	97.380000
A0SIB9	40	1	96.550000
A0SIB9	41	1	95.320000
A0SIB9	42	1	94.070000
A0SIB9	43	1	92.950000
A0SIB9	44	1	91.320000
A0SIB9	45	1	87.800000
A0ZK53	163	1	19.670000
A0ZK53	164	1	17.420000
A0ZK53	165	1	14.990000
A0ZK53	166	1	12.960000
A0ZK53	167	1	11.640000
A0ZK53	168	1	10.530000
A0ZK53	169	1	9.930000
A0ZK53	170	1	9.620000
A0ZK53	171	1	9.670000
A1L0Z0	624	1	89.730000
A1L0Z0	625	1	93.550000
A1L0Z0	626	1	96.220000
A1L0Z0	627	1	97.710000
A1L0Z0	628	1	98.730000
A1L0Z0	629	1	99.190000
A1L0Z0	630	1	99.340000
A1L0Z0	631	1	99.450000
A1L0Z0	632	1	99.570000
A1L0Z0	633	1	99.570000
A1L0Z0	634	1	99.490000
A1L0Z0	635	1	99.440000
A1YG22	320	1	82.190000
A1YG22	321	1	84.400000
A1YG22	322	1	86.610000
A1YG22	323	1	89.030000
A1YG22	324	1	90.980000
A1YG22	325	1	92.400000
A1YG22	326	1	93.180000
A1YG22	327	1	93.680000
A1YG22	328	1	93.330000
A2AV74	134	1	43.270000
A2AV74	135	1	43.180000
A2AV74	136	1	43.050000
A2AV74	137	1	42.910000
A2AV74	138	1	42.790000
A2AV74	139	1	42.690000
A2AV74	140	1	42.680000
A2AV74	141	1	42.640000
A2AV74	142	1	42.740000
A2AV74	143	1	42.950000
A2AV74	144	1	43.190000
A2AV74	145	1	43.090000
A2AV74	146	1	42.520000
A2AV74	147	1	41.870000
A2AV74	148	1	41.330000
A2AV74	149	1	41.020000
A2AV74	150	1	40.670000
A2AV74	151	1	41.000000
A2AV74	152	1	41.850000
A2AV74	153	1	42.510000
A2AV74	154	1	43.110000
A2AV74	155	1	41.880000
A2D680	5	1	29.460000
A2D680	6	1	29.720000
A2D680	7	1	30.250000
A2D680	8	1	30.540000
A2D680	9	1	31.700000
A2D680	10	1	32.330000
A2D680	11	1	33.400000
A2D680	12	1	34.650000
A2D680	13	1	35.470000
A2T7Z3	50	1	28.760000
A2T7Z3	51	1	28.310000
A2T7Z3	52	1	27.830000
A2T7Z3	53	1	27.410000
A2T7Z3	54	1	26.830000
A2T7Z3	55	1	26.680000
A2T7Z3	56	1	26.710000
A2T7Z3	57	1	26.780000
A2T7Z3	58	1	26.290000
A2T7Z3	59	1	25.350000
A2T7Z3	60	1	24.540000
A2T7Z3	61	1	23.610000
A2T810	10	1	58.910000
A2T810	11	1	59.030000
A2T810	12	1	59.200000
A2T810	13	1	59.520000
A2T810	14	1	59.580000
A2T810	15	1	60.430000
A2T810	16	1	61.780000
A2T810	17	1	62.450000
A2T810	18	1	63.100000
A2T810	19	1	62.890000
A2T810	20	1	62.990000
A2T810	21	1	62.980000
A2T810	22	1	63.600000
A2T810	23	1	63.910000
A2T810	24	1	64.230000
A2T810	25	1	64.970000
A2T810	26	1	64.500000
A2T810	27	1	63.000000
A2T810	28	1	61.510000
A2T810	29	1	60.010000
A2T810	30	1	59.040000
A2T810	31	1	57.780000
A2T810	32	1	56.070000
A2WWR4	7	1	46.200000
A2WWR4	8	1	45.340000
A2WWR4	9	1	45.150000
A2WWR4	10	1	44.750000
A2WWR4	11	1	44.690000
A2WWR4	12	1	44.430000
A2WWR4	13	1	44.740000
A2WWR4	14	1	44.960000
A2WWR4	15	1	45.070000
A2WWR4	16	1	45.350000
A2WWR4	17	1	45.480000
A2WWR4	18	1	45.470000
A2WWR4	19	1	45.290000
A2WWR4	20	1	44.920000
A3KCU2	113	1	41.670000
A3KCU2	114	1	42.560000
A3KCU2	115	1	41.250000
A3KCU2	116	1	40.710000
A3KCU2	117	1	40.260000
A3KCU2	118	1	40.450000
A3KCU2	119	1	41.260000
A3KCU2	120	1	41.420000
A3QK40	2219	1	93.220000
A3QK40	2220	1	93.620000
A3QK40	2221	1	94.340000
A3QK40	2222	1	95.210000
A3QK40	2223	1	95.540000
A3QK40	2224	1	95.410000
A3QK40	2225	1	95.290000
A3QK40	2226	1	95.430000
A3QK40	2227	1	95.410000
A3QK40	2228	1	94.530000
A3QK40	2229	1	92.860000
A3QSR4	126	1	39.560000
A3QSR4	127	1	39.190000
A3QSR4	128	1	39.200000
A3QSR4	129	1	39.660000
A3QSR4	130	1	40.340000
A3QSR4	131	1	40.690000
A3QSR4	132	1	41.010000
A3QSR4	133	1	41.330000
A3QSR5	123	1	41.680000
A3QSR5	124	1	40.450000
A3QSR5	125	1	39.860000
A3QSR5	126	1	39.170000
A3QSR5	127	1	38.920000
A3QSR5	128	1	39.020000
A3QSR5	129	1	39.530000
A3QSR5	130	1	40.240000
A3QSR5	131	1	40.620000
A3QSR5	132	1	40.970000
A3QSR5	133	1	41.310000
A3U023	1	1	33.920000
A3U023	2	1	33.190000
A3U023	3	1	32.840000
A3U023	4	1	32.930000
A3U023	5	1	31.800000
A3U023	6	1	31.600000
A3U023	7	1	29.080000
A4HVR2	794	1	46.030000
A4HVR2	795	1	45.720000
A4HVR2	796	1	45.510000
A4HVR2	797	1	45.040000
A4HVR2	798	1	44.680000
A4HVR2	799	1	44.240000
A4QNC4	325	1	87.700000
A4QNC4	326	1	85.890000
A4QNC4	327	1	83.770000
A4QNC4	328	1	81.770000
A4QNC4	329	1	79.710000
A4QNC4	330	1	75.890000
A4QNC4	331	1	71.340000
A5CKE2	586	1	23.570000
A5CKE2	587	1	24.060000
A5CKE2	588	1	24.520000
A5CKE2	589	1	25.170000
A5CKE2	590	1	26.100000
A5CKE2	591	1	27.870000
A5CKE2	592	1	29.240000
A5CKE2	593	1	31.390000
A5CKE2	594	1	33.000000
A5CKE2	595	1	34.080000
A5CKE2	596	1	34.200000
A5CKE2	597	1	34.410000
A5CKE2	598	1	35.860000
A5CKE2	599	1	38.010000
A5CKE2	600	1	40.160000
A5CKE2	601	1	42.260000
A5CKE2	602	1	42.970000
A5CKE2	603	1	40.790000
A5GFR6	902	1	32.590000
A5GFR6	903	1	31.680000
A5GFR6	904	1	31.070000
A5GFR6	905	1	30.430000
A5GFR6	906	1	29.880000
A5GFR6	907	1	29.190000
A5LGG9	18	1	19.930000
A5LGG9	19	1	18.960000
A5LGG9	20	1	18.480000
A5LGG9	21	1	19.530000
A5LGG9	22	1	20.080000
A5LGG9	23	1	20.130000
A5LGG9	24	1	20.800000
A5X3T3	4	1	65.420000
A5X3T3	5	1	65.400000
A5X3T3	6	1	64.490000
A5X3T3	7	1	64.240000
A5X3T3	8	1	64.240000
A5X3T3	9	1	65.050000
A5X3T3	10	1	66.420000
A5X3T3	11	1	68.280000
A5X3T3	12	1	70.010000
A5X3T3	13	1	71.580000
A5X3T3	14	1	73.270000
A5X3T3	15	1	73.690000
A5X3T3	16	1	74.450000
A5X3T3	17	1	75.600000
A5X3T3	18	1	74.770000
A5X3V0	1	1	61.510000
A5X3V0	2	1	61.410000
A5X3V0	3	1	62.680000
A5X3V0	4	1	62.930000
A5X3V0	5	1	62.180000
A5X3V0	6	1	63.010000
A5X3V0	7	1	63.140000
A5X3V0	8	1	64.080000
A5X3V0	9	1	65.560000
A5X3X2	1	1	61.510000
A5X3X2	2	1	61.410000
A5X3X2	3	1	62.680000
A5X3X2	4	1	62.930000
A5X3X2	5	1	62.180000
A5X3X2	6	1	63.010000
A5X3X2	7	1	63.140000
A5X3X2	8	1	64.080000
A5X3X2	9	1	65.560000
A5X3X2	10	1	67.500000
A5X3X2	11	1	69.290000
A5X3X2	12	1	70.780000
A5YGY0	34	1	17.360000
A5YGY0	35	1	17.840000
A5YGY0	36	1	18.250000
A5YGY0	37	1	18.740000
A5YGY0	38	1	19.550000
A5YGY0	39	1	19.960000
A5YGY0	40	1	20.120000
A5YGY0	41	1	20.350000
A5YGY0	42	1	20.810000
A5YGY0	43	1	21.100000
A5YGY0	44	1	21.300000
A5YGY0	45	1	21.450000
A5YGY0	46	1	21.590000
A5YGY0	47	1	21.930000
A5YGY0	48	1	22.070000
A5YGY0	49	1	22.110000
A6SVJ6	208	1	30.320000
A6SVJ6	209	1	30.390000
A6SVJ6	210	1	30.400000
A6SVJ6	211	1	30.850000
A6SVJ6	212	1	31.380000
A6SVJ6	213	1	31.590000
A6SVJ6	214	1	31.800000
A6ZLD3	195	1	45.460000
A6ZLD3	196	1	46.260000
A6ZLD3	197	1	46.720000
A6ZLD3	198	1	47.590000
A6ZLD3	199	1	48.410000
A6ZLD3	200	1	49.100000
A6ZLD3	201	1	49.850000
A6ZLD3	202	1	50.340000
A6ZLD3	203	1	50.320000
A6ZLD3	204	1	50.540000
A6ZLD3	205	1	49.990000
A6ZLD3	206	1	49.580000
A6ZLD3	207	1	48.850000
A6ZLD3	208	1	48.600000
A6ZLD3	209	1	48.050000
A6ZLD3	210	1	47.660000
A6ZU01	12	1	35.140000
A6ZU01	13	1	35.750000
A6ZU01	14	1	35.670000
A6ZU01	15	1	35.260000
A6ZU01	16	1	34.590000
A6ZU01	17	1	34.220000
A6ZU01	18	1	34.280000
A6ZW08	850	1	53.790000
A6ZW08	851	1	53.000000
A6ZW08	852	1	51.240000
A6ZW08	853	1	51.120000
A6ZW08	854	1	52.000000
A6ZW08	855	1	53.380000
A6ZW08	856	1	55.940000
A6ZW08	857	1	58.060000
A6ZW08	858	1	60.590000
A6ZXH1	9	1	70.870000
A6ZXH1	10	1	70.460000
A6ZXH1	11	1	70.360000
A6ZXH1	12	1	70.420000
A6ZXH1	13	1	70.370000
A6ZXH1	14	1	71.310000
A6ZXH1	15	1	72.080000
A6ZXH1	16	1	71.590000
A6ZXH1	17	1	71.200000
A6ZXH1	18	1	69.260000
A6ZXH1	19	1	68.560000
A6ZXH1	20	1	66.190000
A6ZYI2	477	1	44.160000
A6ZYI2	478	1	45.010000
A6ZYI2	479	1	46.220000
A6ZYI2	480	1	48.140000
A6ZYI2	481	1	50.360000
A6ZYI2	482	1	53.230000
A6ZYI2	483	1	55.330000
A6ZYI2	484	1	56.610000
A6ZYI2	485	1	56.960000
A6ZYI2	486	1	57.130000
A6ZYI2	487	1	58.280000
A6ZYI2	488	1	59.000000
A6ZYI2	489	1	60.230000
A6ZYI2	490	1	59.900000
A6ZYI2	491	1	58.900000
A6ZYI2	492	1	57.430000
A6ZYI2	493	1	54.350000
A6ZYI2	494	1	51.630000
A6ZYI2	495	1	49.380000
A6ZYI2	496	1	48.210000
A6ZYI2	497	1	46.910000
A6ZYI2	498	1	44.630000
A6ZZY4	9	1	53.130000
A6ZZY4	10	1	53.600000
A6ZZY4	11	1	54.130000
A6ZZY4	12	1	54.260000
A6ZZY4	13	1	55.720000
A6ZZY4	14	1	57.450000
A6ZZY4	15	1	58.550000
A6ZZY4	16	1	59.290000
A6ZZY4	17	1	59.950000
A6ZZY4	18	1	61.630000
A6ZZY4	19	1	63.890000
A6ZZY4	20	1	66.540000
A6ZZY4	21	1	69.160000
A6ZZY4	22	1	71.700000
A6ZZY4	23	1	73.400000
A6ZZY4	24	1	74.170000
A6ZZY4	25	1	73.920000
A6ZZY4	26	1	73.630000
A6ZZY4	27	1	73.760000
A6ZZY4	28	1	72.500000
A6ZZY4	29	1	69.390000
A6ZZY4	30	1	65.870000
A7J3X2	5	1	83.690000
A7J3X2	6	1	82.380000
A7J3X2	7	1	78.950000
A7J3X2	8	1	77.140000
A7J3X2	9	1	74.680000
A7J3X2	10	1	70.930000
A7J3X2	11	1	68.640000
A7J3X2	12	1	66.630000
A7MB33	246	1	35.760000
A7MB33	247	1	37.240000
A7MB33	248	1	38.000000
A7MB33	249	1	38.540000
A7MB33	250	1	39.740000
A7MB33	251	1	39.380000
A7MB33	252	1	38.740000
A7MB33	253	1	37.960000
A7UNV1	98	1	34.850000
A7UNV1	99	1	32.750000
A7UNV1	100	1	31.380000
A7UNV1	101	1	29.780000
A7UNV1	102	1	28.710000
A7UNV1	103	1	28.760000
A7UNV1	104	1	28.740000
A7UNV1	105	1	28.400000
A7YWU6	19	1	4.050000
A7YWU6	20	1	4.140000
A7YWU6	21	1	4.100000
A7YWU6	22	1	4.160000
A7YWU6	23	1	4.080000
A7YWU6	24	1	3.890000
A7YWU6	25	1	3.820000
A7YWU6	26	1	3.770000
A7YWU6	27	1	3.640000
A7ZHI6	367	1	58.000000
A7ZHI6	368	1	60.840000
A7ZHI6	369	1	63.970000
A7ZHI6	370	1	66.770000
A7ZHI6	371	1	68.810000
A7ZHI6	372	1	70.570000
A7ZHI6	373	1	71.080000
A7ZHI6	374	1	71.230000
A7ZHI6	375	1	71.600000
A7ZHI6	376	1	72.290000
A7ZHI6	377	1	72.350000
A7ZHI6	378	1	71.340000
A7ZHI6	379	1	71.060000
A7ZHI6	380	1	70.450000
A7ZHI6	381	1	69.220000
A7ZHI6	382	1	68.080000
A7ZHI6	383	1	67.140000
A7ZQ16	77	1	43.130000
A7ZQ16	78	1	43.260000
A7ZQ16	79	1	43.340000
A7ZQ16	80	1	43.370000
A7ZQ16	81	1	43.310000
A7ZQ16	82	1	43.150000
A7ZQ16	83	1	42.930000
A7ZQ16	84	1	42.700000
A7ZQ16	85	1	42.370000
A7ZQ16	86	1	42.170000
A7ZQ16	87	1	41.770000
A7ZQ16	88	1	41.250000
A7ZQ16	89	1	40.860000
A7ZQ16	90	1	40.610000
A7ZQ16	91	1	40.710000
A7ZQ16	92	1	40.980000
A7ZQ16	93	1	41.210000
A7ZQ16	94	1	41.450000
A8AFF1	196	1	44.250000
A8AFF1	197	1	44.480000
A8AFF1	198	1	45.190000
A8AFF1	199	1	46.150000
A8AFF1	200	1	47.140000
A8AFF1	201	1	48.040000
A8AFF1	202	1	49.130000
A8AFF1	203	1	50.480000
A8AFF1	204	1	52.240000
A8AFF1	205	1	54.090000
A8AFF1	206	1	55.970000
A8AFF1	207	1	57.950000
A8AFF1	208	1	59.440000
A8AFF1	209	1	59.590000
A8AFF1	210	1	57.710000
A8AFF1	211	1	55.590000
A8AFF1	212	1	53.920000
A8AFF1	213	1	50.760000
A8AFF1	214	1	47.350000
A8C6Z9	230	1	45.350000
A8C6Z9	231	1	46.830000
A8C6Z9	232	1	48.540000
A8C6Z9	233	1	50.010000
A8C6Z9	234	1	50.840000
A8C6Z9	235	1	51.880000
A8C6Z9	236	1	52.510000
A8K5C5	32	1	86.340000
A8K5C5	33	1	87.600000
A8K5C5	34	1	89.190000
A8K5C5	35	1	91.510000
A8K5C5	36	1	92.370000
A8K5C5	37	1	93.180000
A8K5C5	38	1	93.870000
A8K5C5	39	1	94.500000
A8K5C5	40	1	95.060000
A8K861	3	1	39.140000
A8K861	4	1	39.070000
A8K861	5	1	38.770000
A8K861	6	1	38.540000
A8K861	7	1	38.040000
A8K861	8	1	37.610000
A8K861	9	1	36.930000
A8K861	10	1	36.440000
A8K861	11	1	35.810000
A8K910	810	1	39.240000
A8K910	811	1	39.930000
A8K910	812	1	40.420000
A8K910	813	1	40.670000
A8K910	814	1	40.680000
A8K910	815	1	40.860000
A8K910	816	1	41.490000
A8K910	817	1	42.140000
A8K910	818	1	42.900000
A8KAM8	1006	1	60.510000
A8KAM8	1007	1	62.410000
A8KAM8	1008	1	64.010000
A8KAM8	1009	1	64.120000
A8KAM8	1010	1	63.880000
A8KAM8	1011	1	63.810000
A8KAM8	1012	1	63.410000
A8KAM8	1013	1	63.110000
A8KAM8	1014	1	63.170000
A8STE2	21	1	41.840000
A8STE2	22	1	42.840000
A8STE2	23	1	42.140000
A8STE2	24	1	39.830000
A8STE2	25	1	37.830000
A8STE2	26	1	35.900000
A8STE2	27	1	33.940000
A8STE2	28	1	32.370000
A8STE2	29	1	30.390000
A8WT54	706	1	42.160000
A8WT54	707	1	40.950000
A8WT54	708	1	40.100000
A8WT54	709	1	39.590000
A8WT54	710	1	39.100000
A8WT54	711	1	39.040000
A8WT54	712	1	39.220000
A9C9L0	467	1	24.870000
A9C9L0	468	1	24.330000
A9C9L0	469	1	23.600000
A9C9L0	470	1	21.560000
A9C9L0	471	1	20.580000
A9C9L0	472	1	19.850000
A9C9L0	473	1	20.460000
A9C9L0	474	1	22.070000
A9C9L0	475	1	24.330000
A9C9L0	476	1	26.270000
A9MJY1	359	1	39.010000
A9MJY1	360	1	40.280000
A9MJY1	361	1	41.500000
A9MJY1	362	1	42.880000
A9MJY1	363	1	42.340000
A9MJY1	364	1	41.710000
A9MJY1	365	1	41.130000
A9MJY1	366	1	40.900000
A9MJY1	367	1	40.550000
A9MJY1	368	1	41.020000
A9MJY1	369	1	41.160000
A9MJY1	370	1	42.080000
A9MJY1	371	1	42.470000
A9MJY1	372	1	41.850000
A9MJY1	373	1	40.850000
A9MJY1	374	1	39.720000
A9MJY1	375	1	38.710000
A9MJY1	376	1	37.870000
A9NI48	323	1	17.660000
A9NI48	324	1	17.240000
A9NI48	325	1	17.250000
A9NI48	326	1	17.010000
A9NI48	327	1	16.900000
A9NI48	328	1	16.710000
A9NI48	329	1	16.910000
A9NI48	330	1	16.930000
A9NI48	331	1	17.060000
A9PA83	18	1	45.470000
A9PA83	19	1	45.290000
A9PA83	20	1	44.920000
A9PA83	21	1	44.490000
A9PA83	22	1	44.030000
A9PA83	23	1	43.660000
A9PA83	24	1	43.400000
A9PKP7	106	1	8.130000
A9PKP7	107	1	9.200000
A9PKP7	108	1	10.210000
A9PKP7	109	1	11.620000
A9PKP7	110	1	13.580000
A9PKP7	111	1	16.200000
A9PKP7	112	1	18.650000
A9PKP7	113	1	22.000000
A9PKP7	114	1	24.500000
A9PKP7	115	1	26.360000
A9PKP7	116	1	29.030000
A9UEZ6	174	1	78.750000
A9UEZ6	175	1	81.530000
A9UEZ6	176	1	83.920000
A9UEZ6	177	1	85.010000
A9UEZ6	178	1	85.750000
A9UEZ6	179	1	86.290000
A9UEZ6	180	1	87.060000
A9UEZ6	181	1	87.520000
A9UEZ6	182	1	88.520000
A9UIE4	37	1	0.000000
A9UIE4	38	1	0.000000
A9UIE4	39	1	0.000000
A9UIE4	40	1	0.000000
A9UIE4	41	1	0.000000
A9UIE4	42	1	0.000000
A9UIE4	43	1	0.000000
A9UIE4	44	1	0.000000
A9UIE4	45	1	0.000000
A9UIE4	46	1	0.000000
A9ULQ0	34	1	56.040000
A9ULQ0	35	1	55.670000
A9ULQ0	36	1	55.410000
A9ULQ0	37	1	55.060000
A9ULQ0	38	1	54.790000
A9ULQ0	39	1	54.710000
A9ULQ0	40	1	54.570000
A9ULT8	56	1	42.010000
A9ULT8	57	1	42.190000
A9ULT8	58	1	42.540000
A9ULT8	59	1	42.810000
A9ULT8	60	1	42.970000
A9ULT8	61	1	43.110000
A9ULT8	62	1	43.190000
A9ULT8	63	1	43.250000
A9ULT8	64	1	43.240000
A9ULT8	65	1	43.240000
A9ULT8	66	1	43.220000
A9ULT8	67	1	43.220000
A9ULT8	68	1	43.210000
A9ULT8	69	1	43.130000
A9ULT8	70	1	43.040000
A9ULT8	71	1	43.030000
A9ULT8	72	1	42.980000
A9ULT8	73	1	42.930000
A9ULT8	74	1	42.920000
A9ULT8	75	1	42.990000
A9ULT8	76	1	43.080000
A9XHG7	7	1	78.640000
A9XHG7	8	1	76.820000
A9XHG7	9	1	74.350000
A9XHG7	10	1	70.600000
A9XHG7	11	1	68.310000
A9XHG7	12	1	66.310000
A9XHG7	13	1	66.280000
A9XHG7	14	1	67.360000
B0KWH9	134	1	39.070000
B0KWH9	135	1	38.690000
B0KWH9	136	1	38.060000
B0KWH9	137	1	37.360000
B0KWH9	138	1	36.510000
B0KWH9	139	1	35.090000
B0KWH9	140	1	33.760000
B0KWH9	141	1	33.160000
B0KWH9	142	1	33.540000
B0KWH9	143	1	33.860000
B0KWH9	144	1	33.770000
B0KWH9	145	1	33.660000
B0KWH9	146	1	33.790000
B0KWH9	147	1	34.520000
B0KWH9	148	1	35.880000
B0KWH9	149	1	37.330000
B0KWH9	150	1	38.810000
B0VXG0	1480	1	46.240000
B0VXG0	1481	1	46.610000
B0VXG0	1482	1	47.540000
B0VXG0	1483	1	48.520000
B0VXG0	1484	1	48.900000
B0VXG0	1485	1	48.500000
B0VXG0	1486	1	48.320000
B0VXG0	1487	1	47.660000
B0YJ56	473	1	48.480000
B0YJ56	474	1	48.740000
B0YJ56	475	1	48.680000
B0YJ56	476	1	49.010000
B0YJ56	477	1	49.000000
B0YJ56	478	1	49.090000
B0YJ56	479	1	49.340000
B0YJ56	480	1	49.180000
B0YJ56	481	1	48.810000
O08675	44	1	34.580000
O08675	45	1	37.380000
O08675	46	1	41.200000
O08675	47	1	41.690000
O08675	48	1	37.910000
O08675	49	1	35.170000
O08675	50	1	33.130000
O08675	51	1	31.810000
O08675	52	1	31.050000
O08675	53	1	31.180000
O08675	54	1	31.160000
O08675	55	1	31.230000
O08675	56	1	32.550000
O08734	64	1	38.690000
O08734	65	1	39.450000
O08734	66	1	40.070000
O08734	67	1	40.620000
O08734	68	1	41.040000
O08734	69	1	41.450000
O08734	70	1	42.060000
O08734	71	1	42.500000
O08734	72	1	42.840000
O08734	73	1	42.940000
O08734	74	1	42.940000
O08734	75	1	42.740000
O08734	76	1	42.420000
O08734	77	1	42.070000
O08734	78	1	41.630000
O08734	79	1	41.490000
O08734	80	1	41.280000
O08734	81	1	40.520000
O08734	82	1	40.170000
O08734	83	1	40.500000
O08734	84	1	41.230000
O08734	85	1	41.900000
O08734	86	1	42.450000
O08734	87	1	43.060000
O13985	504	1	57.570000
O13985	505	1	59.030000
O13985	506	1	58.880000
O13985	507	1	58.740000
O13985	508	1	58.470000
O13985	509	1	58.380000
O13985	510	1	58.300000
O13985	511	1	57.900000
O13985	512	1	57.920000
O14160	233	1	28.840000
O14160	234	1	27.780000
O14160	235	1	27.810000
O14160	236	1	28.270000
O14160	237	1	29.540000
O14160	238	1	30.480000
O14160	239	1	31.910000
O39835	113	1	27.240000
O39835	114	1	28.930000
O39835	115	1	30.740000
O39835	116	1	31.570000
O39835	117	1	31.650000
O39835	118	1	31.470000
O39835	119	1	30.920000
O39835	120	1	30.050000
O42351	436	1	53.150000
O42351	437	1	54.220000
O42351	438	1	54.470000
O42351	439	1	54.810000
O42351	440	1	55.030000
O42351	441	1	54.870000
O42351	442	1	53.850000
O42351	443	1	53.080000
O54968	69	1	46.330000
O54968	70	1	47.770000
O54968	71	1	48.680000
O54968	72	1	48.810000
O54968	73	1	48.950000
O54968	74	1	49.430000
O54968	75	1	49.490000
O54968	76	1	49.500000
O54968	77	1	49.090000
O54968	78	1	48.380000
O54968	79	1	47.580000
O54968	80	1	46.700000
O54968	81	1	46.100000
O54968	82	1	45.710000
O54968	83	1	45.600000
O54968	84	1	45.180000
O60331	646	1	98.400000
O60331	647	1	98.570000
O60331	648	1	98.500000
O60331	649	1	98.310000
O60331	650	1	98.000000
O60331	651	1	97.850000
O60331	652	1	97.830000
O60331	653	1	97.510000
O60331	654	1	97.080000
O60331	655	1	96.460000
O60331	656	1	95.840000
O68655	90	1	59.670000
O68655	91	1	62.250000
O68655	92	1	62.620000
O68655	93	1	63.430000
O68655	94	1	62.460000
O68655	95	1	62.630000
O68655	96	1	61.400000
O68655	97	1	60.280000
O68655	98	1	57.500000
O68655	99	1	54.010000
O68655	100	1	53.540000
O68655	101	1	49.600000
O68655	102	1	45.780000
O68655	103	1	44.590000
O68655	104	1	43.860000
O68655	105	1	45.080000
O68655	106	1	43.980000
O68655	107	1	44.010000
O68655	108	1	45.480000
O68655	109	1	46.170000
O68655	110	1	48.680000
O68655	111	1	47.770000
O68655	112	1	48.920000
O68655	113	1	50.430000
O77738	19	1	49.210000
O77738	20	1	48.380000
O77738	21	1	47.690000
O77738	22	1	47.010000
O77738	23	1	46.390000
O77738	24	1	45.910000
O77738	25	1	45.520000
O77738	26	1	45.200000
O77738	27	1	44.960000
O77738	28	1	44.860000
O77738	29	1	44.760000
O77738	30	1	44.500000
O77738	31	1	44.290000
O77738	32	1	43.760000
O77738	33	1	43.370000
O77738	34	1	42.920000
O77738	35	1	42.660000
O77738	36	1	42.440000
O77738	37	1	42.390000
O77738	38	1	42.270000
O77738	39	1	42.120000
O77738	40	1	41.890000
O77738	41	1	41.500000
O77738	42	1	41.300000
O77738	43	1	40.980000
O97799	569	1	3.560000
O97799	570	1	3.530000
O97799	571	1	3.500000
O97799	572	1	3.670000
O97799	573	1	3.960000
O97799	574	1	4.320000
O97799	575	1	4.960000
O97799	576	1	5.670000
O97799	577	1	6.720000
P00662	114	1	36.290000
P00662	115	1	39.200000
P00662	116	1	41.260000
P00662	117	1	42.440000
P00662	118	1	41.370000
P00662	119	1	38.490000
P00662	120	1	35.730000
P00662	121	1	32.860000
P00662	122	1	31.770000
P00662	123	1	30.200000
P00662	124	1	28.580000
P00749	164	1	17.660000
P00749	165	1	17.780000
P00749	166	1	17.950000
P00749	167	1	17.490000
P00749	168	1	17.140000
P00749	169	1	18.520000
P00749	170	1	20.280000
P00749	171	1	22.460000
P00749	172	1	24.780000
P00749	173	1	27.140000
P00767	1	1	23.050000
P00767	2	1	23.570000
P00767	3	1	23.810000
P00767	4	1	24.160000
P00767	5	1	24.060000
P00767	6	1	23.830000
P00767	7	1	23.750000
P00767	8	1	23.840000
P00767	9	1	23.710000
P00767	10	1	23.530000
P01062	18	1	0.000000
P01062	19	1	0.000000
P01062	20	1	0.000000
P01062	21	1	0.000000
P01062	22	1	0.000000
P01062	23	1	0.000000
P01062	24	1	0.000000
P01062	25	1	0.000000
P01062	26	1	0.000000
P02458	461	1	99.740000
P02458	462	1	99.750000
P02458	463	1	99.760000
P02458	464	1	99.590000
P02458	465	1	99.370000
P02458	466	1	99.100000
P02458	467	1	98.730000
P02458	468	1	98.090000
P02458	469	1	97.170000
P02458	470	1	95.890000
P02458	471	1	94.890000
P02458	472	1	94.340000
P02458	473	1	94.070000
P02458	474	1	93.890000
P03254	40	1	57.270000
P03254	41	1	58.050000
P03254	42	1	59.030000
P03254	43	1	59.820000
P03254	44	1	60.720000
P03254	45	1	62.220000
P03254	46	1	63.410000
P03254	47	1	64.290000
P03254	48	1	64.970000
P03254	49	1	65.310000
P04037	10	1	32.930000
P04037	11	1	33.530000
P04037	12	1	35.140000
P04037	13	1	35.750000
P04037	14	1	35.670000
P04037	15	1	35.260000
P04037	16	1	34.590000
P04037	17	1	34.220000
P04037	18	1	34.280000
P04037	19	1	34.990000
P04329	364	1	30.370000
P04329	365	1	31.080000
P04329	366	1	31.990000
P04329	367	1	32.210000
P04329	368	1	30.830000
P04329	369	1	28.440000
P04329	370	1	26.230000
P04329	371	1	24.410000
P04329	372	1	22.630000
P04329	373	1	20.770000
P04329	374	1	18.760000
P04329	375	1	17.030000
P04329	376	1	15.210000
P04329	377	1	13.700000
P04329	378	1	12.260000
P04329	379	1	11.520000
P04813	19	1	3.260000
P04813	20	1	3.380000
P04813	21	1	3.370000
P04813	22	1	3.400000
P04813	23	1	3.280000
P04813	24	1	3.080000
P04813	25	1	2.950000
P04813	26	1	2.850000
P04813	27	1	2.720000
P04813	28	1	2.680000
P04813	29	1	2.760000
P04813	30	1	2.930000
P07499	127	1	41.970000
P07499	128	1	41.470000
P07499	129	1	41.750000
P07499	130	1	41.450000
P07499	131	1	41.240000
P07499	132	1	41.420000
P07499	133	1	41.530000
P07499	134	1	40.510000
P07499	135	1	39.870000
P07499	136	1	39.100000
P07499	137	1	38.230000
P07499	138	1	37.570000
P07499	139	1	36.900000
P07499	140	1	35.940000
P07499	141	1	35.510000
P07499	142	1	35.030000
P07499	143	1	34.010000
P07499	144	1	33.220000
P07499	145	1	33.270000
P07499	146	1	33.380000
P07499	147	1	33.590000
P07800	200	1	45.580000
P07800	201	1	46.330000
P07800	202	1	47.210000
P07800	203	1	48.300000
P07800	204	1	49.660000
P07800	205	1	51.090000
P07800	206	1	52.640000
P07800	207	1	54.280000
P07800	208	1	55.470000
P07800	209	1	55.490000
P07800	210	1	53.770000
P07800	211	1	51.800000
P07800	212	1	50.290000
P07800	213	1	47.410000
P07800	214	1	44.390000
P08001	20	1	22.460000
P08001	21	1	22.430000
P08001	22	1	22.410000
P08001	23	1	22.610000
P08001	24	1	22.550000
P08001	25	1	22.980000
P08001	26	1	23.330000
P08001	27	1	23.520000
P08001	28	1	23.800000
P08001	29	1	23.910000
P08001	30	1	24.180000
P08001	31	1	23.870000
P08001	32	1	23.140000
P08544	90	1	42.090000
P08544	91	1	44.250000
P08544	92	1	46.430000
P08544	93	1	48.830000
P08544	94	1	51.230000
P08544	95	1	54.360000
P08544	96	1	56.500000
P08544	97	1	57.410000
P08544	98	1	57.140000
P08544	99	1	57.310000
P08544	100	1	58.100000
P08544	101	1	57.700000
P08544	102	1	56.490000
P08544	103	1	55.380000
P08544	104	1	54.350000
P08544	105	1	53.230000
P08544	106	1	51.400000
P08544	107	1	49.710000
P08544	108	1	49.020000
P08544	109	1	48.660000
P08544	110	1	47.920000
P08544	111	1	46.830000
P08544	112	1	45.950000
P08544	113	1	45.390000
P08544	114	1	44.710000
P09052	184	1	25.480000
P09052	185	1	27.690000
P09052	186	1	27.630000
P09052	187	1	30.000000
P09052	188	1	33.510000
P09052	189	1	36.550000
P09052	190	1	39.230000
P09052	191	1	43.250000
P09052	192	1	45.370000
P09052	193	1	46.700000
P09052	194	1	48.180000
P09052	195	1	49.600000
P09052	196	1	49.900000
P09052	197	1	51.430000
P09052	198	1	53.040000
P09052	199	1	54.600000
P09052	200	1	56.160000
P09052	201	1	57.830000
P09052	202	1	57.670000
P09052	203	1	56.780000
P09207	324	1	36.400000
P09207	325	1	36.160000
P09207	326	1	36.060000
P09207	327	1	34.890000
P09207	328	1	33.890000
P09207	329	1	33.740000
P09207	330	1	33.840000
P09207	331	1	33.750000
P09207	332	1	32.890000
P09207	333	1	32.310000
P09938	393	1	37.580000
P09938	394	1	39.220000
P09938	395	1	40.810000
P09938	396	1	41.910000
P09938	397	1	43.250000
P09938	398	1	42.090000
P09938	399	1	40.710000
P10275	21	1	75.900000
P10275	22	1	77.970000
P10275	23	1	79.530000
P10275	24	1	79.520000
P10275	25	1	79.690000
P10275	26	1	79.930000
P10275	27	1	79.050000
P10275	28	1	75.570000
P10275	29	1	73.470000
P10275	30	1	71.250000
P11799	1731	1	40.670000
P11799	1732	1	41.280000
P11799	1733	1	42.010000
P11799	1734	1	42.910000
P11799	1735	1	43.550000
P11799	1736	1	44.220000
P11799	1737	1	44.910000
P11799	1738	1	45.750000
P11799	1739	1	46.550000
P11799	1740	1	47.390000
P11799	1741	1	48.140000
P11799	1742	1	48.800000
P11799	1743	1	49.770000
P11799	1744	1	50.570000
P11799	1745	1	50.750000
P11799	1746	1	51.350000
P11799	1747	1	51.860000
P11799	1748	1	52.200000
P11799	1749	1	52.470000
P11927	239	1	46.750000
P11927	240	1	46.780000
P11927	241	1	47.140000
P11927	242	1	47.910000
P11927	243	1	49.860000
P11927	244	1	51.420000
P11927	245	1	52.190000
P11927	246	1	53.340000
P11927	247	1	54.030000
P11927	248	1	55.850000
P11927	249	1	58.400000
P11927	250	1	60.400000
P11927	251	1	62.260000
P11927	252	1	62.920000
P11927	253	1	62.960000
P11927	254	1	61.430000
P11927	255	1	59.860000
P11927	256	1	58.980000
P11927	257	1	58.100000
P12871	356	1	33.700000
P12871	357	1	35.040000
P12871	358	1	36.140000
P12871	359	1	35.560000
P12871	360	1	31.960000
P12871	361	1	27.730000
P12871	362	1	24.410000
P12871	363	1	21.440000
P12871	364	1	19.030000
P12871	365	1	16.870000
P12871	366	1	14.660000
P12871	367	1	12.610000
P12871	368	1	10.720000
P12871	369	1	9.210000
P12871	370	1	8.220000
P12871	371	1	8.060000
P12871	372	1	8.150000
P15127	422	1	3.340000
P15127	423	1	3.560000
P15127	424	1	3.830000
P15127	425	1	4.110000
P15127	426	1	4.350000
P15127	427	1	4.650000
P15127	428	1	4.910000
P15127	429	1	5.170000
P15702	276	1	43.360000
P15702	277	1	43.210000
P15702	278	1	42.960000
P15702	279	1	42.640000
P15702	280	1	42.260000
P15702	281	1	41.860000
P15702	282	1	41.470000
P15702	283	1	41.180000
P15702	284	1	40.840000
P15702	285	1	40.240000
P15702	286	1	39.530000
P15702	287	1	39.230000
P15702	288	1	39.120000
P15702	289	1	39.150000
P15702	290	1	39.610000
P18010	567	1	42.910000
P18010	568	1	42.790000
P18010	569	1	42.810000
P18010	570	1	42.740000
P18010	571	1	42.650000
P18010	572	1	42.590000
P18010	573	1	42.630000
P18010	574	1	42.720000
P18010	575	1	42.780000
P18010	576	1	42.810000
P18010	577	1	42.930000
P18010	578	1	43.080000
P18010	579	1	43.090000
P18010	580	1	43.150000
P18010	581	1	43.270000
P18010	582	1	43.350000
P18010	583	1	43.360000
P18010	584	1	43.360000
P18010	585	1	43.370000
P22473	289	1	41.010000
P22473	290	1	41.510000
P22473	291	1	41.990000
P22473	292	1	42.520000
P22473	293	1	42.950000
P22473	294	1	43.370000
P22473	295	1	42.930000
P22473	296	1	42.690000
P22473	297	1	42.590000
P22473	298	1	42.660000
P22473	299	1	42.690000
P22473	300	1	42.810000
P22843	2	1	84.000000
P22843	3	1	81.770000
P22843	4	1	79.050000
P22843	5	1	77.180000
P22843	6	1	75.740000
P22843	7	1	72.170000
P22843	8	1	70.500000
P24937	240	1	47.470000
P24937	241	1	47.620000
P24937	242	1	47.590000
P24937	243	1	47.750000
P24937	244	1	47.920000
P24937	245	1	47.810000
P24937	246	1	47.310000
P24937	247	1	46.720000
P24937	248	1	46.160000
P24937	249	1	45.560000
P24937	250	1	45.150000
P25054	1021	1	70.790000
P25054	1022	1	72.640000
P25054	1023	1	74.570000
P25054	1024	1	76.420000
P25054	1025	1	78.420000
P25054	1026	1	80.060000
P25054	1027	1	81.950000
P25054	1028	1	82.410000
P25054	1029	1	82.720000
P25054	1030	1	81.710000
P25054	1031	1	81.060000
P25054	1032	1	78.650000
P25054	1033	1	76.850000
P25054	1034	1	74.970000
P25116	38	1	40.010000
P25116	39	1	39.290000
P25116	40	1	38.620000
P25116	41	1	38.080000
P25116	42	1	37.220000
P25116	43	1	36.490000
P25116	44	1	36.610000
P25116	45	1	37.130000
P25116	46	1	38.160000
P25116	47	1	39.110000
P25116	48	1	39.720000
P25116	49	1	40.390000
P25116	50	1	40.570000
P25116	51	1	40.980000
P25116	52	1	41.270000
P25116	53	1	42.300000
P25116	54	1	43.260000
P25116	55	1	42.970000
P25116	56	1	42.290000
P26039	607	1	42.860000
P26039	608	1	42.940000
P26039	609	1	43.040000
P26039	610	1	43.180000
P26039	611	1	43.240000
P26039	612	1	43.240000
P26039	613	1	43.200000
P26039	614	1	43.190000
P26039	615	1	43.130000
P26039	616	1	43.110000
P26039	617	1	43.080000
P26039	618	1	43.120000
P26039	619	1	43.250000
P26039	620	1	43.420000
P26039	621	1	43.680000
P26039	622	1	43.980000
P26039	623	1	44.320000
P26039	624	1	44.400000
P26039	625	1	44.570000
P26039	626	1	44.620000
P26039	627	1	44.610000
P26039	628	1	44.610000
P26039	629	1	44.530000
P26039	630	1	44.520000
P26039	631	1	44.420000
P26369	90	1	74.590000
P26369	91	1	75.180000
P26369	92	1	75.190000
P26369	93	1	73.990000
P26369	94	1	73.600000
P26369	95	1	71.910000
P26369	96	1	70.550000
P26369	97	1	69.540000
P26369	98	1	68.980000
P26369	99	1	68.690000
P26369	100	1	67.470000
P26369	101	1	66.860000
P26369	102	1	65.780000
P26369	103	1	64.590000
P26369	104	1	64.070000
P26369	105	1	63.680000
P26369	106	1	63.210000
P26369	107	1	62.460000
P26369	108	1	61.660000
P26369	109	1	60.800000
P26369	110	1	59.510000
P26369	111	1	58.840000
P26369	112	1	58.580000
P26418	4	1	74.850000
P26418	5	1	76.270000
P26418	6	1	76.230000
P26418	7	1	74.580000
P26418	8	1	73.070000
P26418	9	1	71.780000
P26418	10	1	70.950000
P26418	11	1	70.080000
P26418	12	1	68.630000
P26418	13	1	67.350000
P26418	14	1	65.330000
P26418	15	1	62.620000
P26418	16	1	59.180000
P26631	50	1	44.330000
P26631	51	1	46.110000
P26631	52	1	48.850000
P26631	53	1	51.940000
P26631	54	1	55.900000
P26631	55	1	60.220000
P26631	56	1	64.220000
P26631	57	1	68.350000
P26631	58	1	71.780000
P26631	59	1	75.270000
P26631	60	1	78.640000
P26631	61	1	80.860000
P26631	62	1	81.900000
P27797	1	1	3.950000
P27797	2	1	3.770000
P27797	3	1	3.810000
P27797	4	1	3.940000
P27797	5	1	4.090000
P27797	6	1	4.140000
P27797	7	1	3.920000
P27797	8	1	3.920000
P27797	9	1	3.990000
P27797	10	1	4.140000
P28503	55	1	59.440000
P28503	56	1	66.610000
P28503	57	1	71.460000
P28503	58	1	76.170000
P28503	59	1	80.800000
P28503	60	1	84.340000
P28503	61	1	87.410000
P28503	62	1	90.360000
P28503	63	1	93.090000
P28503	64	1	94.430000
P28503	65	1	95.120000
P28504	55	1	53.440000
P28504	56	1	59.080000
P28504	57	1	63.180000
P28504	58	1	67.420000
P28504	59	1	71.930000
P28504	60	1	75.690000
P28504	61	1	79.310000
P28504	62	1	83.060000
P28504	63	1	86.830000
P28505	54	1	49.530000
P28505	55	1	55.000000
P28505	56	1	61.070000
P28505	57	1	65.410000
P28505	58	1	69.790000
P28505	59	1	74.280000
P28505	60	1	77.950000
P28505	61	1	81.440000
P28505	62	1	85.040000
P28505	63	1	88.550000
P28505	64	1	90.390000
P28505	65	1	91.390000
P28507	51	1	42.120000
P28507	52	1	42.740000
P28507	53	1	44.420000
P28507	54	1	47.170000
P28507	55	1	51.020000
P28507	56	1	55.490000
P28507	57	1	59.010000
P28507	58	1	62.580000
P28507	59	1	66.520000
P28507	60	1	70.210000
P28507	61	1	73.950000
P28507	62	1	77.970000
P28507	63	1	82.160000
P28507	64	1	84.510000
P28507	65	1	85.890000
P28509	54	1	46.810000
P28509	55	1	50.260000
P28509	56	1	54.350000
P28509	57	1	57.580000
P28509	58	1	60.920000
P28509	59	1	64.700000
P28509	60	1	68.280000
P28510	55	1	49.940000
P28510	56	1	53.850000
P28510	57	1	56.950000
P28510	58	1	60.230000
P28510	59	1	63.930000
P28510	60	1	67.500000
P28510	61	1	71.150000
P28510	62	1	75.120000
P28510	63	1	79.440000
P28510	64	1	81.970000
P28749	654	1	54.260000
P28749	655	1	54.720000
P28749	656	1	55.300000
P28749	657	1	55.660000
P28749	658	1	56.220000
P28749	659	1	57.030000
P28749	660	1	58.240000
P28749	661	1	58.800000
P28749	662	1	58.200000
P28749	663	1	57.540000
P29476	228	1	58.010000
P29476	229	1	58.810000
P29476	230	1	60.050000
P29476	231	1	60.820000
P29476	232	1	61.440000
P29476	233	1	62.140000
P29476	234	1	62.200000
P29476	235	1	61.800000
P29476	236	1	61.190000
P29476	237	1	60.440000
P29476	238	1	60.910000
P29476	239	1	62.360000
P29476	240	1	62.770000
P29476	241	1	62.810000
P29476	242	1	63.130000
P29476	243	1	63.520000
P29476	244	1	63.780000
P29476	245	1	63.790000
P30385	3	1	41.710000
P30385	4	1	41.680000
P30385	5	1	41.440000
P30385	6	1	41.200000
P30385	7	1	41.330000
P30385	8	1	41.400000
P30385	9	1	41.290000
P30385	10	1	40.790000
P30385	11	1	40.030000
P30622	1405	1	42.320000
P30622	1406	1	42.300000
P30622	1407	1	42.250000
P30622	1408	1	42.320000
P30622	1409	1	42.630000
P30622	1410	1	44.100000
P30622	1411	1	43.990000
P30622	1412	1	43.720000
P30622	1413	1	43.340000
P30622	1414	1	42.860000
P30622	1415	1	42.490000
P30622	1416	1	42.080000
P30622	1417	1	41.690000
P30622	1418	1	41.540000
P30622	1419	1	41.470000
P30622	1420	1	43.320000
P30622	1421	1	35.840000
P30622	1422	1	35.770000
P30622	1423	1	37.580000
P30622	1424	1	39.560000
P30622	1425	1	40.830000
P30622	1426	1	41.370000
P30622	1427	1	41.880000
P32499	36	1	62.940000
P32499	37	1	62.850000
P32499	38	1	63.820000
P32499	39	1	64.810000
P32499	40	1	66.340000
P32499	41	1	67.610000
P32499	42	1	68.210000
P32499	43	1	69.200000
P32499	44	1	68.900000
P32499	45	1	68.670000
P32499	46	1	69.140000
P32499	47	1	69.470000
P32499	48	1	70.510000
P32499	49	1	70.240000
P32499	50	1	69.640000
P32499	51	1	67.760000
P33705	438	1	4.140000
P33705	439	1	3.600000
P33705	440	1	2.810000
P33705	441	1	2.180000
P33705	442	1	1.290000
P33705	443	1	0.750000
P33705	444	1	0.460000
P33705	445	1	0.280000
P33705	446	1	0.170000
P38158	438	1	36.960000
P38158	439	1	38.360000
P38158	440	1	39.830000
P38158	441	1	41.430000
P38158	442	1	42.740000
P38158	443	1	43.360000
P38158	444	1	42.710000
P38158	445	1	42.690000
P38158	446	1	43.180000
P39081	475	1	41.840000
P39081	476	1	42.900000
P39081	477	1	44.180000
P39081	478	1	45.040000
P39081	479	1	46.270000
P39081	480	1	48.220000
P39081	481	1	50.470000
P39081	482	1	53.400000
P39081	483	1	55.540000
P39081	484	1	56.830000
P39081	485	1	57.180000
P39081	486	1	57.360000
P39081	487	1	58.530000
P39081	488	1	59.270000
P39081	489	1	60.520000
P39081	490	1	60.200000
P39081	491	1	59.200000
P39081	492	1	57.700000
P39081	493	1	54.570000
P39081	494	1	51.790000
P39081	495	1	49.520000
P39081	496	1	48.360000
P39081	497	1	47.070000
P39081	498	1	44.800000
P39081	499	1	42.960000
P41544	195	1	31.960000
P41544	196	1	30.710000
P41544	197	1	30.690000
P41544	198	1	29.780000
P41544	199	1	29.820000
P41544	200	1	30.250000
P41544	201	1	30.290000
P41544	202	1	30.380000
P41544	203	1	30.470000
P43355	161	1	12.930000
P43355	162	1	12.120000
P43355	163	1	11.860000
P43355	164	1	11.450000
P43355	165	1	11.050000
P43355	166	1	10.640000
P43355	167	1	10.480000
P43355	168	1	10.230000
P43355	169	1	9.680000
P43358	230	1	41.580000
P43358	231	1	40.700000
P43358	232	1	40.150000
P43358	233	1	39.150000
P43358	234	1	36.920000
P43358	235	1	34.760000
P43358	236	1	34.070000
P43358	237	1	33.730000
P43358	238	1	33.930000
P43358	239	1	33.550000
P43403	289	1	67.650000
P43403	290	1	66.960000
P43403	291	1	65.930000
P43403	292	1	64.170000
P43403	293	1	61.700000
P43403	294	1	59.350000
P43403	295	1	57.230000
P43403	296	1	55.790000
P43403	297	1	54.710000
P47025	145	1	43.740000
P47025	146	1	44.810000
P47025	147	1	45.940000
P47025	148	1	47.200000
P47025	149	1	48.450000
P47025	150	1	49.530000
P47025	151	1	50.640000
P47025	152	1	51.980000
P47025	153	1	53.080000
P47025	154	1	54.490000
P47025	155	1	54.850000
P47025	156	1	54.750000
P47025	157	1	54.130000
P47025	158	1	53.720000
P47025	159	1	52.890000
P47025	160	1	52.260000
P47025	161	1	52.060000
P47025	162	1	51.090000
P47025	163	1	50.040000
P47025	164	1	49.060000
P48552	378	1	80.390000
P48552	379	1	83.740000
P48552	380	1	85.860000
P48552	381	1	86.590000
P48552	382	1	86.310000
P48552	383	1	86.460000
P48552	384	1	85.320000
P48552	385	1	83.130000
P48552	386	1	81.500000
P48552	387	1	79.860000
P48552	388	1	77.500000
P49418	322	1	94.340000
P49418	323	1	94.800000
P49418	324	1	94.610000
P49418	325	1	93.540000
P49418	326	1	92.380000
P49418	327	1	91.260000
P49418	328	1	90.190000
P49418	329	1	87.680000
P49418	330	1	84.030000
P50552	202	1	97.950000
P50552	203	1	97.450000
P50552	204	1	96.950000
P50552	205	1	96.790000
P50552	206	1	96.620000
P50552	207	1	96.790000
P50552	208	1	96.860000
P50552	209	1	97.190000
P50552	210	1	97.720000
P50552	211	1	97.620000
P50552	212	1	97.740000
P50552	213	1	97.750000
P50552	214	1	97.610000
P52272	50	1	28.720000
P52272	51	1	31.000000
P52272	52	1	33.240000
P52272	53	1	35.790000
P52272	54	1	39.400000
P52272	55	1	41.200000
P52272	56	1	43.670000
P52272	57	1	46.260000
P52272	58	1	48.420000
P52272	59	1	49.940000
P52272	60	1	51.300000
P52272	61	1	53.100000
P52272	62	1	52.030000
P52272	63	1	51.690000
P52272	64	1	52.120000
P52272	65	1	52.030000
P52272	66	1	51.920000
P52272	67	1	51.650000
P52272	68	1	51.670000
P52272	69	1	51.510000
P54939	1946	1	40.210000
P54939	1947	1	40.260000
P54939	1948	1	40.750000
P54939	1949	1	41.150000
P54939	1950	1	40.740000
P54939	1951	1	40.090000
P54939	1952	1	39.790000
P54939	1953	1	39.570000
P54939	1954	1	39.610000
P54939	1955	1	39.460000
P54939	1956	1	39.610000
P54939	1957	1	39.890000
P54939	1958	1	40.090000
P54939	1959	1	40.190000
P54939	1960	1	40.300000
P54939	1961	1	40.440000
P54939	1962	1	40.910000
P54939	1963	1	40.640000
P54939	1964	1	39.990000
P54939	1965	1	38.790000
P54939	1966	1	37.840000
P54939	1967	1	36.730000
P54939	1968	1	35.360000
P54939	1969	1	34.160000
P56488	50	1	41.610000
P56488	51	1	42.090000
P56488	52	1	42.470000
P56488	53	1	43.190000
P56488	54	1	42.210000
P56488	55	1	41.800000
P56488	56	1	41.280000
P61824	1	1	45.820000
P61824	2	1	45.760000
P61824	3	1	45.870000
P61824	4	1	45.890000
P61824	5	1	45.690000
P61824	6	1	45.350000
P61824	7	1	45.330000
P61824	8	1	45.280000
P61824	9	1	45.040000
P61824	10	1	44.950000
P61824	11	1	44.730000
P61824	12	1	44.500000
P61824	13	1	44.270000
P61824	14	1	43.870000
P61824	15	1	43.600000
P62805	18	1	45.820000
P62805	19	1	45.660000
P62805	20	1	45.260000
P62805	21	1	44.820000
P62805	22	1	44.320000
P62805	23	1	43.900000
P62805	24	1	43.550000
P62805	25	1	43.380000
P62805	26	1	43.320000
P62805	27	1	43.340000
P67869	188	1	43.260000
P67869	189	1	41.880000
P67869	190	1	41.070000
P67869	191	1	40.060000
P67869	192	1	38.690000
P67869	193	1	37.230000
P67869	194	1	35.500000
P67869	195	1	34.460000
P67869	196	1	34.060000
P67869	197	1	33.430000
P67869	198	1	34.620000
P67869	199	1	35.880000
P67869	200	1	36.490000
P67869	201	1	36.580000
P67869	202	1	36.600000
P67869	203	1	36.610000
P68428	2	1	90.470000
P68428	3	1	88.600000
P68428	4	1	86.330000
P68428	5	1	84.670000
P68428	6	1	83.360000
P68428	7	1	79.920000
P68428	8	1	78.020000
P68428	9	1	75.410000
P68428	10	1	71.620000
P69731	456	1	56.420000
P69731	457	1	59.580000
P69731	458	1	61.660000
P69731	459	1	62.380000
P69731	460	1	63.300000
P69731	461	1	63.450000
P69731	462	1	61.650000
P69731	463	1	59.370000
P70039	1021	1	73.710000
P70039	1022	1	75.510000
P70039	1023	1	77.360000
P70039	1024	1	79.210000
P70039	1025	1	81.130000
P70039	1026	1	82.800000
P70039	1027	1	84.590000
P70039	1028	1	85.110000
P70039	1029	1	85.510000
P70039	1030	1	84.540000
P70039	1031	1	83.730000
P70478	1483	1	85.620000
P70478	1484	1	85.050000
P70478	1485	1	84.490000
P70478	1486	1	84.230000
P70478	1487	1	84.390000
P70478	1488	1	83.720000
P70478	1489	1	82.850000
P70478	1490	1	81.670000
P70478	1491	1	79.390000
P70478	1492	1	76.870000
P70478	1493	1	75.040000
P70478	1494	1	73.280000
P70478	1495	1	72.720000
P70478	1496	1	72.750000
P70478	1497	1	73.080000
P79351	114	1	42.970000
P79351	115	1	42.160000
P79351	116	1	40.650000
P79351	117	1	39.610000
P79351	118	1	38.210000
P79351	119	1	37.360000
P79351	120	1	36.480000
P79351	121	1	35.730000
P79351	122	1	35.750000
P79351	123	1	35.840000
P79351	124	1	35.670000
P87314	475	1	66.130000
P87314	476	1	64.870000
P87314	477	1	64.410000
P87314	478	1	63.120000
P87314	479	1	62.370000
P87314	480	1	59.230000
P87314	481	1	58.530000
P87314	482	1	59.730000
P87314	483	1	60.760000
P87314	484	1	61.080000
P87314	485	1	64.500000
P87314	486	1	68.840000
P87314	487	1	72.450000
P87314	488	1	74.440000
P87314	489	1	75.950000
P87314	490	1	77.240000
P87314	491	1	79.130000
P87314	492	1	78.910000
P87314	493	1	77.010000
P87314	494	1	75.830000
P87314	495	1	75.430000
P87314	496	1	72.970000
P97947	16	1	36.370000
P97947	17	1	41.300000
P97947	18	1	40.640000
P97947	19	1	35.540000
P97947	20	1	29.680000
P97947	21	1	26.830000
P97947	22	1	25.360000
P97947	23	1	25.550000
P97947	24	1	25.210000
P97947	25	1	26.180000
P97947	26	1	28.350000
P98072	788	1	11.370000
P98072	789	1	10.900000
P98072	790	1	10.660000
P98072	791	1	10.900000
P98072	792	1	11.850000
P98072	793	1	12.720000
P98072	794	1	13.340000
Q03041	64	1	50.460000
Q03041	65	1	50.700000
Q03041	66	1	51.050000
Q03041	67	1	50.340000
Q03041	68	1	49.990000
Q03041	69	1	49.830000
Q03041	70	1	49.270000
Q03041	71	1	48.610000
Q03041	72	1	47.770000
Q03041	73	1	46.510000
Q03041	74	1	45.410000
Q03041	75	1	44.620000
Q03041	76	1	44.080000
Q03041	77	1	43.600000
Q03041	78	1	43.220000
Q03041	79	1	43.260000
Q03041	80	1	43.370000
Q03041	81	1	43.450000
Q03041	82	1	43.410000
Q04114	290	1	30.140000
Q04114	291	1	31.200000
Q04114	292	1	33.060000
Q04114	293	1	35.380000
Q04114	294	1	38.160000
Q04114	295	1	41.210000
Q04114	296	1	42.300000
Q04114	297	1	39.470000
Q05030	1006	1	60.050000
Q05030	1007	1	61.430000
Q05030	1008	1	61.450000
Q05030	1009	1	61.050000
Q05030	1010	1	60.930000
Q05030	1011	1	60.420000
Q05030	1012	1	59.920000
Q05030	1013	1	59.800000
Q05DU7	76	1	51.620000
Q05DU7	77	1	51.120000
Q05DU7	78	1	50.300000
Q05DU7	79	1	49.350000
Q05DU7	80	1	48.270000
Q05DU7	81	1	47.460000
Q05DU7	82	1	46.950000
Q05DU7	83	1	46.800000
Q05DU7	84	1	46.240000
Q07E23	265	1	39.070000
Q07E23	266	1	39.220000
Q07E23	267	1	40.430000
Q07E23	268	1	41.630000
Q07E23	269	1	43.060000
Q07E23	270	1	41.120000
Q07E23	271	1	39.180000
Q07E23	272	1	38.320000
Q07E23	273	1	37.150000
Q07E23	274	1	35.350000
Q07E23	275	1	34.650000
Q07E23	276	1	34.920000
Q08201	1211	1	31.370000
Q08201	1212	1	31.210000
Q08201	1213	1	30.920000
Q08201	1214	1	31.170000
Q08201	1215	1	32.040000
Q08201	1216	1	32.780000
Q08201	1217	1	33.210000
Q08201	1218	1	33.360000
Q08201	1219	1	33.410000
Q08201	1220	1	33.710000
Q08201	1221	1	33.990000
Q08201	1222	1	34.490000
Q08201	1223	1	35.320000
Q08201	1224	1	36.150000
Q08E39	52	1	86.640000
Q08E39	53	1	85.830000
Q08E39	54	1	85.310000
Q08E39	55	1	87.310000
Q08E39	56	1	88.110000
Q08E39	57	1	89.750000
Q08E39	58	1	92.090000
Q08E39	59	1	93.640000
Q08E39	60	1	95.390000
Q0P6I6	5	1	83.260000
Q0P6I6	6	1	82.390000
Q0P6I6	7	1	80.770000
Q0P6I6	8	1	79.510000
Q0P6I6	9	1	78.420000
Q0P6I6	10	1	76.750000
Q0P6I6	11	1	74.670000
Q0P6I6	12	1	72.890000
Q0P6I6	13	1	71.410000
Q0P6I6	14	1	70.000000
Q0PCN5	562	1	8.570000
Q0PCN5	563	1	8.120000
Q0PCN5	564	1	7.970000
Q0PCN5	565	1	7.870000
Q0PCN5	566	1	7.870000
Q0PCN5	567	1	7.850000
Q0PCN5	568	1	7.930000
Q0PCN5	569	1	7.820000
Q0PCN5	570	1	7.780000
Q0TGV2	204	1	50.550000
Q0TGV2	205	1	52.050000
Q0TGV2	206	1	53.610000
Q0TGV2	207	1	55.240000
Q0TGV2	208	1	56.300000
Q0TGV2	209	1	56.060000
Q0TGV2	210	1	53.910000
Q0TGV2	211	1	51.450000
Q0TGV2	212	1	49.410000
Q0TGV2	213	1	45.840000
Q0TGV2	214	1	42.060000
Q0U047	9	1	44.190000
Q0U047	10	1	44.050000
Q0U047	11	1	44.220000
Q0U047	12	1	44.250000
Q0U047	13	1	44.910000
Q0U047	14	1	45.360000
Q0U047	15	1	45.680000
Q0U047	16	1	46.190000
Q0V8S0	257	1	73.770000
Q0V8S0	258	1	76.050000
Q0V8S0	259	1	79.340000
Q0V8S0	260	1	83.100000
Q0V8S0	261	1	86.190000
Q0V8S0	262	1	88.870000
Q0V8S0	263	1	91.070000
Q0V8S0	264	1	92.010000
Q0V8S0	265	1	93.020000
Q0V8S0	266	1	93.150000
Q0V8S0	267	1	92.870000
Q0V8S0	268	1	91.740000
Q0V8S0	269	1	90.630000
Q0V8S0	270	1	88.610000
Q0V8S0	271	1	85.990000
Q0V8S0	272	1	82.970000
Q0V8S0	273	1	79.140000
Q0V8S0	274	1	74.480000
Q13541	51	1	84.680000
Q13541	52	1	87.430000
Q13541	53	1	88.820000
Q13541	54	1	89.560000
Q13541	55	1	90.580000
Q13541	56	1	91.320000
Q13541	57	1	92.160000
Q13541	58	1	93.090000
Q13541	59	1	92.780000
Q13541	60	1	91.300000
Q13541	61	1	88.480000
Q13541	62	1	84.780000
Q13541	63	1	79.910000
Q13541	64	1	75.090000
Q13541	65	1	72.890000
Q13541	66	1	71.070000
Q13541	67	1	69.360000
Q14103	341	1	42.650000
Q14103	342	1	42.820000
Q14103	343	1	42.880000
Q14103	344	1	43.030000
Q14103	345	1	43.180000
Q14103	346	1	43.300000
Q14103	347	1	43.310000
Q14103	348	1	43.210000
Q14103	349	1	43.290000
Q14103	350	1	43.500000
Q14103	351	1	43.820000
Q14103	352	1	44.260000
Q14103	353	1	44.560000
Q14103	354	1	45.260000
Q14103	355	1	46.390000
Q15466	18	1	37.530000
Q15466	19	1	37.810000
Q15466	20	1	27.380000
Q15466	21	1	22.520000
Q15466	22	1	19.630000
Q15466	23	1	19.380000
Q15466	24	1	19.280000
Q15466	25	1	20.580000
Q15466	26	1	23.060000
Q15466	27	1	25.620000
Q15648	642	1	92.770000
Q15648	643	1	94.510000
Q15648	644	1	96.210000
Q15648	645	1	97.080000
Q15648	646	1	97.270000
Q15648	647	1	97.550000
Q15648	648	1	97.940000
Q15648	649	1	97.860000
Q15648	650	1	97.510000
Q15648	651	1	97.200000
Q16655	26	1	13.700000
Q16655	27	1	14.450000
Q16655	28	1	15.110000
Q16655	29	1	16.260000
Q16655	30	1	17.740000
Q16655	31	1	19.720000
Q16655	32	1	22.590000
Q16655	33	1	25.780000
Q16655	34	1	28.580000
Q16655	35	1	30.530000
Q18NS2	241	1	40.060000
Q18NS2	242	1	41.300000
Q18NS2	243	1	42.370000
Q18NS2	244	1	42.510000
Q18NS2	245	1	41.800000
Q18NS2	246	1	40.580000
Q18NS2	247	1	38.990000
Q18NS2	248	1	38.440000
Q19LF0	1420	1	91.510000
Q19LF0	1421	1	90.780000
Q19LF0	1422	1	89.580000
Q19LF0	1423	1	88.130000
Q19LF0	1424	1	86.510000
Q19LF0	1425	1	84.660000
Q19LF0	1426	1	83.070000
Q19LF0	1427	1	81.190000
Q19LF0	1428	1	78.810000
Q19LF0	1429	1	77.440000
Q19LF0	1430	1	76.020000
Q19LF0	1431	1	74.490000
Q19LF0	1432	1	73.050000
Q19LF0	1433	1	71.500000
Q19LF0	1434	1	70.640000
Q19LF0	1435	1	69.800000
Q19LF0	1436	1	69.460000
Q1A299	110	1	13.960000
Q1A299	111	1	16.610000
Q1A299	112	1	19.720000
Q1A299	113	1	23.360000
Q1A299	114	1	27.990000
Q1A299	115	1	31.390000
Q1A299	116	1	33.950000
Q1CVC3	1	1	20.140000
Q1CVC3	2	1	20.000000
Q1CVC3	3	1	19.990000
Q1CVC3	4	1	19.770000
Q1CVC3	5	1	19.310000
Q1CVC3	6	1	18.820000
Q1CVC3	7	1	18.100000
Q1CVC3	8	1	17.120000
Q1CVC3	9	1	15.840000
Q1CVC3	10	1	14.900000
Q1CVC3	11	1	14.270000
Q1CVC3	12	1	13.370000
Q1CVC3	13	1	12.610000
Q1CVC3	14	1	11.840000
Q1CVC3	15	1	11.200000
Q1CVC3	16	1	10.880000
Q1CVC3	17	1	10.640000
Q1CVC3	18	1	10.370000
Q1CVC3	19	1	10.310000
Q1CVC3	20	1	10.420000
Q1CVC3	21	1	10.490000
Q1CVC3	22	1	10.670000
Q1CVC3	23	1	10.730000
Q1CVC3	24	1	10.760000
Q1EPV6	396	1	39.750000
Q1EPV6	397	1	39.920000
Q1EPV6	398	1	39.990000
Q1EPV6	399	1	40.010000
Q1EPV6	400	1	39.960000
Q1EPV6	401	1	39.860000
Q1EPV6	402	1	39.560000
Q1EPV6	403	1	39.290000
Q1EPV6	404	1	39.480000
Q1QYY5	123	1	51.020000
Q1QYY5	124	1	52.900000
Q1QYY5	125	1	55.280000
Q1QYY5	126	1	57.470000
Q1QYY5	127	1	59.140000
Q1QYY5	128	1	60.760000
Q1QYY5	129	1	63.020000
Q1RMU5	484	1	49.340000
Q1RMU5	485	1	50.360000
Q1RMU5	486	1	51.870000
Q1RMU5	487	1	53.440000
Q1RMU5	488	1	54.680000
Q1RMU5	489	1	55.510000
Q1RMU5	490	1	56.520000
Q1RMU5	491	1	57.940000
Q1WA44	43	1	0.050000
Q1WA44	44	1	0.020000
Q1WA44	45	1	0.010000
Q1WA44	46	1	0.000000
Q1WA44	47	1	0.000000
Q1WA44	48	1	0.000000
Q1WA44	49	1	0.000000
Q1WA44	50	1	0.000000
Q1WA44	51	1	0.000000
Q1WA44	52	1	0.000000
Q1WA44	53	1	0.010000
Q1WA44	54	1	0.010000
Q1WA44	55	1	0.010000
Q1WA44	56	1	0.020000
Q1WA44	57	1	0.020000
Q1WA44	58	1	0.010000
Q1WA44	59	1	0.010000
Q1WA44	60	1	0.010000
Q1WA44	61	1	0.010000
Q1WA44	62	1	0.010000
Q1WA44	63	1	0.010000
Q1WA44	64	1	0.010000
Q1WGX8	20	1	60.180000
Q1WGX8	21	1	57.550000
Q1WGX8	22	1	56.040000
Q1WGX8	23	1	54.370000
Q1WGX8	24	1	53.120000
Q1WGX8	25	1	52.690000
Q1WGX8	26	1	52.670000
Q1WGX8	27	1	52.480000
Q1WGX8	28	1	52.430000
Q1WGX8	29	1	52.360000
Q1WGX8	30	1	52.450000
Q1WGX8	31	1	52.780000
Q1WGX8	32	1	52.570000
Q1WGX8	33	1	51.330000
Q1WGX8	34	1	50.400000
Q1WGX8	35	1	49.290000
Q1WGX8	36	1	48.350000
Q1XCJ2	25	1	94.040000
Q1XCJ2	26	1	95.240000
Q1XCJ2	27	1	96.520000
Q1XCJ2	28	1	97.410000
Q1XCJ2	29	1	98.120000
Q1XCJ2	30	1	98.690000
Q1XCJ2	31	1	98.930000
Q1XCJ2	32	1	98.950000
Q1XCJ2	33	1	98.940000
Q1XCJ2	34	1	99.060000
Q1XCJ2	35	1	99.070000
Q1XCJ2	36	1	99.110000
Q1XCJ2	37	1	98.960000
Q1XCJ2	38	1	98.600000
Q1XCJ2	39	1	98.220000
Q1XCJ2	40	1	97.680000
Q1ZYQ4	397	1	48.570000
Q1ZYQ4	398	1	49.890000
Q1ZYQ4	399	1	50.880000
Q1ZYQ4	400	1	50.730000
Q1ZYQ4	401	1	51.220000
Q1ZYQ4	402	1	51.260000
Q1ZYQ4	403	1	51.950000
Q1ZYQ4	404	1	51.850000
Q208C1	224	1	40.920000
Q208C1	225	1	40.770000
Q208C1	226	1	40.510000
Q208C1	227	1	40.590000
Q208C1	228	1	40.660000
Q208C1	229	1	40.580000
Q208C1	230	1	40.410000
Q208C1	231	1	40.200000
Q208C1	232	1	40.080000
Q208C1	233	1	39.910000
Q208H6	181	1	43.200000
Q208H6	182	1	43.170000
Q208H6	183	1	43.090000
Q208H6	184	1	42.900000
Q208H6	185	1	42.610000
Q208H6	186	1	42.180000
Q208H6	187	1	41.810000
Q208H6	188	1	41.590000
Q208H6	189	1	41.460000
Q208H6	190	1	41.340000
Q208H6	191	1	41.230000
Q208H6	192	1	41.100000
Q208H6	193	1	41.100000
Q20N82	116	1	34.650000
Q20N82	117	1	36.960000
Q20N82	118	1	39.530000
Q20N82	119	1	40.990000
Q20N82	120	1	41.770000
Q20N82	121	1	42.500000
Q20N82	122	1	42.670000
Q20N82	123	1	42.220000
Q21QQ5	222	1	37.890000
Q21QQ5	223	1	37.980000
Q21QQ5	224	1	38.350000
Q21QQ5	225	1	38.700000
Q21QQ5	226	1	40.310000
Q21QQ5	227	1	39.640000
Q21QQ5	228	1	39.020000
Q27934	114	1	64.400000
Q27934	115	1	66.850000
Q27934	116	1	69.110000
Q27934	117	1	71.210000
Q27934	118	1	72.950000
Q27934	119	1	74.140000
Q27934	120	1	73.260000
Q27934	121	1	71.110000
Q27934	122	1	68.250000
Q27934	123	1	64.850000
Q27934	124	1	62.120000
Q28964	1	1	33.910000
Q28964	2	1	33.520000
Q28964	3	1	33.400000
Q28964	4	1	33.600000
Q28964	5	1	34.300000
Q28964	6	1	34.750000
Q28964	7	1	35.610000
Q28964	8	1	36.380000
Q28964	9	1	36.930000
Q28964	10	1	37.720000
Q28964	11	1	38.440000
Q28964	12	1	39.560000
Q28964	13	1	41.080000
Q28966	1	1	30.000000
Q28966	2	1	29.720000
Q28966	3	1	29.690000
Q28966	4	1	30.100000
Q28966	5	1	30.910000
Q28966	6	1	31.460000
Q28966	7	1	31.930000
Q28966	8	1	32.100000
Q28966	9	1	32.050000
Q28966	10	1	32.230000
Q28966	11	1	32.400000
Q28966	12	1	32.950000
Q2F6Y5	34	1	39.520000
Q2F6Y5	35	1	40.930000
Q2F6Y5	36	1	42.700000
Q2F6Y5	37	1	42.690000
Q2F6Y5	38	1	41.860000
Q2F6Y5	39	1	41.370000
Q2F6Y5	40	1	41.160000
Q2F6Y5	41	1	40.740000
Q2F6Y5	42	1	40.140000
Q2F6Y5	43	1	39.670000
Q2F6Y5	44	1	39.430000
Q2F6Y5	45	1	39.280000
Q2F6Y5	46	1	39.770000
Q2F6Y5	47	1	40.630000
Q2F6Y5	48	1	41.240000
Q2F7Z0	471	1	65.530000
Q2F7Z0	472	1	66.010000
Q2F7Z0	473	1	65.300000
Q2F7Z0	474	1	64.160000
Q2F7Z0	475	1	63.410000
Q2F7Z0	476	1	62.270000
Q2F7Z0	477	1	60.690000
Q2F7Z0	478	1	59.830000
Q2F7Z0	479	1	58.740000
Q2LAF5	446	1	60.300000
Q2LAF5	447	1	57.040000
Q2LAF5	448	1	54.150000
Q2LAF5	449	1	51.870000
Q2LAF5	450	1	50.700000
Q2LAF5	451	1	49.010000
Q2LAF5	452	1	47.540000
Q2LAF5	453	1	46.920000
Q2LAF5	454	1	46.800000
Q2LAF5	455	1	46.740000
Q2LAF5	456	1	46.500000
Q2LAF5	457	1	46.810000
Q2LAF5	458	1	47.630000
Q2LAF5	459	1	48.600000
Q2LAF5	460	1	49.480000
Q2LAF5	461	1	50.230000
Q2LAF5	462	1	50.810000
Q2LAF5	463	1	51.610000
Q2LAF5	464	1	52.640000
Q2LAF5	465	1	53.010000
Q2LAF5	466	1	53.650000
Q2LC95	128	1	41.710000
Q2LC95	129	1	41.180000
Q2LC95	130	1	40.670000
Q2LC95	131	1	39.170000
Q2LC95	132	1	38.130000
Q2LC95	133	1	37.360000
Q2LC95	134	1	37.610000
Q2LC95	135	1	38.720000
Q2LC95	136	1	39.810000
Q2LC95	137	1	40.490000
Q2LC95	138	1	41.290000
Q2LC95	139	1	41.660000
Q2LC95	140	1	41.700000
Q2LC95	141	1	42.220000
Q2TA77	466	1	41.210000
Q2TA77	467	1	40.430000
Q2TA77	468	1	39.770000
Q2TA77	469	1	39.080000
Q2TA77	470	1	38.600000
Q2TA77	471	1	38.790000
Q2TA77	472	1	39.130000
Q2TA77	473	1	40.080000
Q2TA77	474	1	40.760000
Q2TA77	475	1	41.760000
Q2TA77	476	1	42.520000
Q2TA77	477	1	43.220000
Q2TA77	478	1	42.940000
Q2TA77	479	1	42.540000
Q2TBG2	375	1	99.440000
Q2TBG2	376	1	99.200000
Q2TBG2	377	1	98.910000
Q2TBG2	378	1	98.430000
Q2TBG2	379	1	97.750000
Q2TBG2	380	1	95.770000
Q2TBG2	381	1	93.160000
Q2YAG8	285	1	33.990000
Q2YAG8	286	1	35.010000
Q2YAG8	287	1	35.150000
Q2YAG8	288	1	35.710000
Q2YAG8	289	1	36.590000
Q2YAG8	290	1	37.800000
Q2YAG8	291	1	39.150000
Q30HP0	28	1	31.060000
Q30HP0	29	1	30.410000
Q30HP0	30	1	30.050000
Q30HP0	31	1	29.640000
Q30HP0	32	1	29.800000
Q30HP0	33	1	29.750000
Q30HP0	34	1	29.830000
Q30HP0	35	1	29.690000
Q30HP0	36	1	29.750000
Q30HP0	37	1	29.590000
Q30HV7	554	1	45.140000
Q30HV7	555	1	45.250000
Q30HV7	556	1	45.350000
Q30HV7	557	1	45.540000
Q30HV7	558	1	45.460000
Q30HV7	559	1	45.590000
Q30HV7	560	1	45.810000
Q30HV7	561	1	45.850000
Q30HV7	562	1	45.940000
Q30HV7	563	1	45.980000
Q30HV7	564	1	46.180000
Q30HV7	565	1	46.320000
Q30HV7	566	1	46.450000
Q30HV7	567	1	46.540000
Q30HV7	568	1	46.600000
Q326T2	563	1	43.280000
Q326T2	564	1	43.160000
Q326T2	565	1	43.060000
Q326T2	566	1	42.930000
Q326T2	567	1	42.820000
Q326T2	568	1	42.760000
Q326T2	569	1	42.760000
Q326T2	570	1	42.750000
Q326T2	571	1	42.730000
Q326T2	572	1	42.730000
Q326T2	573	1	42.840000
Q326T2	574	1	42.970000
Q326T2	575	1	43.050000
Q326T2	576	1	43.100000
Q326T2	577	1	43.220000
Q326T2	578	1	43.350000
Q326T2	579	1	43.360000
Q326T2	580	1	43.410000
Q326T2	581	1	43.510000
Q326T2	582	1	43.550000
Q326T2	583	1	43.490000
Q326T2	584	1	43.450000
Q326T2	585	1	43.400000
Q326T2	586	1	43.380000
Q326T2	587	1	43.370000
Q32K78	1	1	27.840000
Q32K78	2	1	26.520000
Q32K78	3	1	25.800000
Q32K78	4	1	25.050000
Q32K78	5	1	24.570000
Q32K78	6	1	23.650000
Q32K78	7	1	22.380000
Q32K78	8	1	21.040000
Q32K78	9	1	20.160000
Q32K78	10	1	19.520000
Q32K78	11	1	19.300000
Q32K78	12	1	18.760000
Q32K78	13	1	18.990000
Q32K78	14	1	19.010000
Q32K78	15	1	19.050000
Q32K78	16	1	19.360000
Q32K78	17	1	20.270000
Q32K78	18	1	20.750000
Q32K78	19	1	21.430000
Q32K78	20	1	22.080000
Q32K78	21	1	22.720000
Q32K78	22	1	23.290000
Q32K78	23	1	24.270000
Q32K78	24	1	24.960000
Q32RQ1	464	1	33.900000
Q32RQ1	465	1	33.690000
Q32RQ1	466	1	34.010000
Q32RQ1	467	1	33.050000
Q32RQ1	468	1	33.120000
Q32RQ1	469	1	32.360000
Q32RQ1	470	1	33.050000
Q38721	63	1	29.760000
Q38721	64	1	30.890000
Q38721	65	1	33.210000
Q38721	66	1	35.460000
Q38721	67	1	37.270000
Q38721	68	1	39.290000
Q38721	69	1	41.520000
Q38721	70	1	42.970000
Q38721	71	1	41.350000
Q38721	72	1	40.710000
Q38721	73	1	40.650000
Q38721	74	1	40.440000
Q38721	75	1	40.860000
Q38721	76	1	42.940000
Q38721	77	1	40.270000
Q38721	78	1	38.700000
Q38722	64	1	29.520000
Q38722	65	1	31.230000
Q38722	66	1	32.880000
Q38722	67	1	34.750000
Q38722	68	1	36.860000
Q38722	69	1	39.180000
Q38722	70	1	41.580000
Q38722	71	1	43.350000
Q38722	72	1	42.580000
Q38722	73	1	42.400000
Q38722	74	1	42.130000
Q38722	75	1	42.060000
Q38722	76	1	42.510000
Q38722	77	1	40.620000
Q38722	78	1	39.340000
Q38723	62	1	33.290000
Q38723	63	1	34.010000
Q38723	64	1	34.870000
Q38723	65	1	36.900000
Q38723	66	1	38.820000
Q38723	67	1	40.260000
Q38723	68	1	41.850000
Q38723	69	1	43.110000
Q38723	70	1	41.300000
Q38723	71	1	40.170000
Q38723	72	1	39.990000
Q38723	73	1	40.030000
Q38723	74	1	39.920000
Q38723	75	1	40.420000
Q38723	76	1	43.360000
Q38723	77	1	40.640000
Q38723	78	1	38.970000
Q38KH1	324	1	21.140000
Q38KH1	325	1	20.470000
Q38KH1	326	1	20.130000
Q38KH1	327	1	19.630000
Q38KH1	328	1	19.410000
Q38KH1	329	1	19.120000
Q38KH1	330	1	19.280000
Q38KH1	331	1	19.330000
Q38KH1	332	1	19.720000
Q3KSS8	54	1	46.680000
Q3KSS8	55	1	46.020000
Q3KSS8	56	1	45.750000
Q3KSS8	57	1	45.130000
Q3KSS8	58	1	44.630000
Q3KSS8	59	1	44.270000
Q3KSS8	60	1	44.040000
Q3KSS8	61	1	44.170000
Q3KSS8	62	1	44.060000
Q3KSS8	63	1	43.960000
Q3KSS8	64	1	44.300000
Q3TBC3	140	1	42.110000
Q3TBC3	141	1	42.110000
Q3TBC3	142	1	42.080000
Q3TBC3	143	1	42.120000
Q3TBC3	144	1	42.310000
Q3TBC3	145	1	42.550000
Q3TBC3	146	1	42.770000
Q3TBC3	147	1	42.990000
Q3TBC3	148	1	43.200000
Q3TBC3	149	1	43.330000
Q3TBC3	150	1	43.130000
Q3TBC3	151	1	43.000000
Q3TBC3	152	1	43.000000
Q3TBC3	153	1	43.010000
Q3TBC3	154	1	43.070000
Q3TBC3	155	1	43.230000
Q3TBC3	156	1	43.260000
Q3TBC3	157	1	42.970000
Q3TBC3	158	1	42.730000
Q3TBC3	159	1	42.390000
Q3TBC3	160	1	41.990000
Q3TBC3	161	1	41.680000
Q3TBC3	162	1	41.770000
Q3TG37	336	1	54.950000
Q3TG37	337	1	54.460000
Q3TG37	338	1	55.060000
Q3TG37	339	1	56.180000
Q3TG37	340	1	56.740000
Q3TG37	341	1	57.150000
Q3TG37	342	1	58.230000
Q3TG37	343	1	59.980000
Q3TG37	344	1	59.780000
Q3TG37	345	1	60.190000
Q3TG37	346	1	59.830000
Q3TG37	347	1	59.940000
Q3TG37	348	1	60.290000
Q3TG37	349	1	60.910000
Q3TG37	350	1	62.270000
Q3TG37	351	1	63.160000
Q3TG37	352	1	63.810000
Q3TG37	353	1	63.440000
Q3TG37	354	1	62.810000
Q3TG37	355	1	64.220000
Q3U5L0	179	1	60.840000
Q3U5L0	180	1	59.870000
Q3U5L0	181	1	59.300000
Q3U5L0	182	1	58.710000
Q3U5L0	183	1	57.960000
Q3U5L0	184	1	57.470000
Q3UDI2	22	1	57.750000
Q3UDI2	23	1	59.240000
Q3UDI2	24	1	62.130000
Q3UDI2	25	1	64.950000
Q3UDI2	26	1	65.660000
Q3UDI2	27	1	65.680000
Q3UDI2	28	1	64.340000
Q3UDI2	29	1	63.010000
Q3UG02	64	1	37.540000
Q3UG02	65	1	36.590000
Q3UG02	66	1	37.280000
Q3UG02	67	1	37.550000
Q3UG02	68	1	38.190000
Q3UG02	69	1	38.980000
Q3UG02	70	1	39.430000
Q3UG02	71	1	40.450000
Q3UG02	72	1	40.170000
Q3UG02	73	1	39.540000
Q3UG02	74	1	38.990000
Q3UTK0	145	1	77.920000
Q3UTK0	146	1	80.680000
Q3UTK0	147	1	82.950000
Q3UTK0	148	1	83.980000
Q3UTK0	149	1	85.470000
Q3UTK0	150	1	86.050000
Q3UTK0	151	1	86.500000
Q3UTK0	152	1	85.880000
Q3UTK0	153	1	85.920000
Q3UTK0	154	1	87.540000
Q3UTK0	155	1	89.240000
Q3UTK0	156	1	90.690000
Q3UTK0	157	1	91.830000
Q3UTK0	158	1	93.020000
Q3UTK0	159	1	94.000000
Q3UTK0	160	1	94.470000
Q3UTK0	161	1	95.330000
Q3UTK0	162	1	96.220000
Q3UTK0	163	1	97.140000
Q3UTK0	164	1	97.430000
Q3UTK0	165	1	97.110000
Q3UTK0	166	1	96.650000
Q3Y0G4	53	1	32.700000
Q3Y0G4	54	1	31.340000
Q3Y0G4	55	1	30.000000
Q3Y0G4	56	1	29.320000
Q3Y0G4	57	1	29.090000
Q3Y0G4	58	1	29.090000
Q3Y0G4	59	1	29.270000
Q3YTQ5	565	1	42.820000
Q3YTQ5	566	1	42.590000
Q3YTQ5	567	1	42.390000
Q3YTQ5	568	1	42.310000
Q3YTQ5	569	1	42.300000
Q3YTQ5	570	1	42.250000
Q3YTQ5	571	1	42.180000
Q3YTQ5	572	1	42.100000
Q3YTQ5	573	1	42.150000
Q3YTQ5	574	1	42.290000
Q3YTQ5	575	1	42.400000
Q3YTQ5	576	1	42.470000
Q3YTQ5	577	1	42.630000
Q3YTQ5	578	1	42.850000
Q3YTQ5	579	1	42.900000
Q3YTQ5	580	1	42.960000
Q3YTQ5	581	1	43.100000
Q3YTQ5	582	1	43.220000
Q3YTQ5	583	1	43.280000
Q3YTQ5	584	1	43.310000
Q3YTQ5	585	1	43.360000
Q3YTQ5	586	1	43.340000
Q3YTQ5	587	1	43.300000
Q43203	10	1	71.400000
Q43203	11	1	69.050000
Q43203	12	1	67.030000
Q43203	13	1	67.100000
Q43203	14	1	68.360000
Q43203	15	1	70.970000
Q43203	16	1	72.960000
Q43203	17	1	74.820000
Q43203	18	1	76.740000
Q43203	19	1	77.200000
Q43203	20	1	78.060000
Q461C5	47	1	12.030000
Q461C5	48	1	12.410000
Q461C5	49	1	12.980000
Q461C5	50	1	13.150000
Q461C5	51	1	13.760000
Q461C5	52	1	14.020000
Q461C5	53	1	13.860000
Q461C5	54	1	13.360000
Q461C5	55	1	13.010000
Q461C5	56	1	12.930000
Q47D67	335	1	28.740000
Q47D67	336	1	28.180000
Q47D67	337	1	27.810000
Q47D67	338	1	27.640000
Q47D67	339	1	27.720000
Q47D67	340	1	27.320000
Q47D67	341	1	27.100000
Q47D67	342	1	26.960000
Q47D67	343	1	27.050000
Q4R3V6	228	1	53.060000
Q4R3V6	229	1	57.730000
Q4R3V6	230	1	61.260000
Q4R3V6	231	1	64.990000
Q4R3V6	232	1	68.240000
Q4R3V6	233	1	70.840000
Q4R3V6	234	1	72.260000
Q4R3V6	235	1	72.380000
Q4R3V6	236	1	72.320000
Q4R3V6	237	1	71.370000
Q4R3V6	238	1	70.670000
Q4R7Y9	312	1	11.340000
Q4R7Y9	313	1	12.040000
Q4R7Y9	314	1	12.890000
Q4R7Y9	315	1	14.000000
Q4R7Y9	316	1	15.100000
Q4R7Y9	317	1	16.010000
Q4R7Y9	318	1	16.060000
Q4R7Y9	319	1	16.430000
Q4R7Y9	320	1	16.250000
Q4R7Y9	321	1	16.030000
Q4RF81	498	1	99.790000
Q4RF81	499	1	99.830000
Q4RF81	500	1	99.850000
Q4RF81	501	1	99.820000
Q4RF81	502	1	99.780000
Q4RF81	503	1	99.730000
Q4RF81	504	1	99.590000
Q4RF81	505	1	99.320000
Q4RF81	506	1	99.020000
Q4RF81	507	1	98.540000
Q4SC04	515	1	91.090000
Q4SC04	516	1	90.900000
Q4SC04	517	1	91.150000
Q4SC04	518	1	91.820000
Q4SC04	519	1	92.680000
Q4SC04	520	1	93.260000
Q4SC04	521	1	94.320000
Q4SC04	522	1	95.370000
Q4SC04	523	1	95.910000
Q4TA95	203	1	36.720000
Q4TA95	204	1	37.640000
Q4TA95	205	1	38.180000
Q4TA95	206	1	39.020000
Q4TA95	207	1	39.650000
Q4TA95	208	1	40.020000
Q4TA95	209	1	40.280000
Q4TA95	210	1	40.410000
Q4TA95	211	1	40.670000
Q4TA95	212	1	40.800000
Q4TA95	213	1	40.860000
Q4TA95	214	1	40.970000
Q4TA95	215	1	40.940000
Q4TA95	216	1	40.850000
Q4TA95	217	1	40.740000
Q4TA95	218	1	40.470000
Q4TA95	219	1	40.640000
Q4TA95	220	1	40.620000
Q4VUP2	84	1	4.140000
Q4VUP2	85	1	4.600000
Q4VUP2	86	1	5.530000
Q4VUP2	87	1	6.250000
Q4VUP2	88	1	7.200000
Q4VUP2	89	1	7.950000
Q4VUP2	90	1	8.630000
Q4ZGA5	10	1	3.660000
Q4ZGA5	11	1	4.290000
Q4ZGA5	12	1	4.270000
Q4ZGA5	13	1	4.090000
Q4ZGA5	14	1	3.860000
Q4ZGA5	15	1	3.890000
Q4ZGA5	16	1	4.000000
Q4ZGA5	17	1	4.230000
Q4ZGA5	18	1	4.140000
Q52JT8	26	1	15.610000
Q52JT8	27	1	16.590000
Q52JT8	28	1	17.380000
Q52JT8	29	1	18.130000
Q52JT8	30	1	18.270000
Q52JT8	31	1	20.000000
Q52JT8	32	1	21.740000
Q52JT8	33	1	23.500000
Q53I34	133	1	20.720000
Q53I34	134	1	24.140000
Q53I34	135	1	28.420000
Q53I34	136	1	32.490000
Q53I34	137	1	38.710000
Q53I34	138	1	43.180000
Q53I34	139	1	40.940000
Q53ZZ9	10	1	62.030000
Q53ZZ9	11	1	63.270000
Q53ZZ9	12	1	63.170000
Q53ZZ9	13	1	63.730000
Q53ZZ9	14	1	64.440000
Q53ZZ9	15	1	64.230000
Q53ZZ9	16	1	63.980000
Q53ZZ9	17	1	63.680000
Q53ZZ9	18	1	63.070000
Q53ZZ9	19	1	62.650000
Q56JK2	652	1	42.670000
Q56JK2	653	1	42.620000
Q56JK2	654	1	42.510000
Q56JK2	655	1	42.700000
Q56JK2	656	1	42.900000
Q56JK2	657	1	43.220000
Q56JK2	658	1	43.020000
Q57M75	361	1	41.490000
Q57M75	362	1	42.880000
Q57M75	363	1	42.330000
Q57M75	364	1	41.700000
Q57M75	365	1	41.110000
Q57M75	366	1	40.890000
Q57M75	367	1	40.530000
Q57M75	368	1	41.010000
Q57M75	369	1	41.140000
Q57M75	370	1	42.070000
Q57M75	371	1	42.460000
Q57M75	372	1	41.840000
Q57M75	373	1	40.830000
Q57M75	374	1	39.700000
Q57M75	375	1	38.690000
Q57M75	376	1	37.850000
Q57SW3	30	1	22.230000
Q57SW3	31	1	22.010000
Q57SW3	32	1	22.130000
Q57SW3	33	1	22.410000
Q57SW3	34	1	22.520000
Q57SW3	35	1	22.430000
Q57SW3	36	1	22.880000
Q57SW3	37	1	23.170000
Q57SW3	38	1	23.340000
Q57SW3	39	1	23.460000
Q57SW3	40	1	23.910000
Q57SW3	41	1	24.160000
Q57SW3	42	1	24.770000
Q57SW3	43	1	25.550000
Q57SW3	44	1	25.750000
Q57SW3	45	1	26.010000
Q595N3	6	1	65.910000
Q595N3	7	1	67.530000
Q595N3	8	1	68.890000
Q595N3	9	1	69.960000
Q595N3	10	1	71.390000
Q595N3	11	1	72.010000
Q595N3	12	1	72.680000
Q595N3	13	1	73.570000
Q595N3	14	1	72.550000
Q595N3	15	1	71.000000
Q595N3	16	1	69.540000
Q595N3	17	1	67.590000
Q595N3	18	1	65.210000
Q595N3	19	1	62.760000
Q595N3	20	1	60.180000
Q595N3	21	1	57.550000
Q595N3	22	1	56.040000
Q595N3	23	1	54.370000
Q595N3	24	1	53.120000
Q595N3	25	1	52.690000
Q595N3	26	1	52.670000
Q59E96	83	1	76.240000
Q59E96	84	1	74.600000
Q59E96	85	1	73.970000
Q59E96	86	1	72.310000
Q59E96	87	1	71.160000
Q59E96	88	1	68.680000
Q59E96	89	1	64.670000
Q59E96	90	1	61.370000
Q59E96	91	1	57.480000
Q59E96	92	1	53.980000
Q5BJN2	157	1	41.400000
Q5BJN2	158	1	42.900000
Q5BJN2	159	1	41.660000
Q5BJN2	160	1	39.170000
Q5BJN2	161	1	37.710000
Q5BJN2	162	1	36.080000
Q5BJN2	163	1	34.260000
Q5BJN2	164	1	32.600000
Q5BJN2	165	1	31.910000
Q5BJN2	166	1	31.450000
Q5BJN2	167	1	30.660000
Q5BJN2	168	1	29.470000
Q5BJN2	169	1	28.470000
Q5BJN2	170	1	28.340000
Q5BJN2	171	1	28.010000
Q5BJN2	172	1	27.250000
Q5BJN2	173	1	26.760000
Q5BJN2	174	1	27.030000
Q5BJN2	175	1	27.150000
Q5DWH4	6	1	83.920000
Q5DWH4	7	1	80.380000
Q5DWH4	8	1	78.530000
Q5DWH4	9	1	76.010000
Q5DWH4	10	1	72.040000
Q5DWH4	11	1	69.560000
Q5DWH4	12	1	67.470000
Q5DWH4	13	1	67.960000
Q5DWH4	14	1	69.560000
Q5DWH4	15	1	72.460000
Q5DWH4	16	1	74.600000
Q5DWH4	17	1	76.650000
Q5DWH4	18	1	78.810000
Q5DWH4	19	1	79.560000
Q5DWH4	20	1	80.540000
Q5DWH4	21	1	81.870000
Q5DWH4	22	1	81.180000
Q5DWH4	23	1	79.860000
Q5DWH4	24	1	78.140000
Q5EGN2	110	1	40.740000
Q5EGN2	111	1	40.480000
Q5EGN2	112	1	40.460000
Q5EGN2	113	1	40.410000
Q5EGN2	114	1	40.510000
Q5EGN2	115	1	40.380000
Q5EGN2	116	1	40.540000
Q5EGN2	117	1	40.830000
Q5EGN2	118	1	41.310000
Q5EGN2	119	1	41.700000
Q5EGN2	120	1	42.010000
Q5EGN2	121	1	42.340000
Q5EGN2	122	1	42.780000
Q5EGN2	123	1	43.170000
Q5EGN2	124	1	43.510000
Q5EGN2	125	1	43.710000
Q5EGN2	126	1	43.900000
Q5HHM4	124	1	41.470000
Q5HHM4	125	1	40.960000
Q5HHM4	126	1	40.360000
Q5HHM4	127	1	40.150000
Q5HHM4	128	1	40.230000
Q5HHM4	129	1	40.640000
Q5HHM4	130	1	41.190000
Q5HHM4	131	1	41.470000
Q5HHM4	132	1	41.740000
Q5HHM4	133	1	41.980000
Q5L4J9	324	1	22.520000
Q5L4J9	325	1	21.860000
Q5L4J9	326	1	21.520000
Q5L4J9	327	1	21.090000
Q5L4J9	328	1	20.940000
Q5L4J9	329	1	20.760000
Q5L4J9	330	1	20.970000
Q5L4J9	331	1	21.100000
Q5L4J9	332	1	21.620000
Q5PY49	148	1	20.950000
Q5PY49	149	1	22.500000
Q5PY49	150	1	24.490000
Q5PY49	151	1	26.880000
Q5PY49	152	1	29.420000
Q5PY49	153	1	31.940000
Q5PY49	154	1	34.380000
Q5PY49	155	1	36.290000
Q5Q9R5	150	1	24.620000
Q5Q9R5	151	1	26.780000
Q5Q9R5	152	1	28.900000
Q5Q9R5	153	1	31.050000
Q5Q9R5	154	1	32.690000
Q5Q9R5	155	1	35.550000
Q5Q9R5	156	1	37.960000
Q5Q9R5	157	1	38.800000
Q5Q9R5	158	1	40.030000
Q5QEE4	1	1	66.220000
Q5QEE4	2	1	65.850000
Q5QEE4	3	1	64.570000
Q5QEE4	4	1	65.070000
Q5QEE4	5	1	65.380000
Q5QEE4	6	1	65.640000
Q5QEE4	7	1	66.090000
Q5R2C0	1678	1	3.150000
Q5R2C0	1679	1	3.230000
Q5R2C0	1680	1	3.220000
Q5R2C0	1681	1	3.240000
Q5R2C0	1682	1	3.350000
Q5R2C0	1683	1	3.550000
Q5R2C0	1684	1	3.680000
Q5R2C0	1685	1	3.760000
Q5R2C0	1686	1	3.910000
Q5R2C0	1687	1	4.280000
Q5R2C0	1688	1	4.790000
Q5R2C0	1689	1	5.520000
Q5R2C0	1690	1	6.120000
Q5R798	157	1	33.510000
Q5R798	158	1	33.600000
Q5R798	159	1	33.430000
Q5R798	160	1	33.500000
Q5R798	161	1	33.510000
Q5R798	162	1	33.990000
Q5R798	163	1	33.810000
Q5R798	164	1	33.020000
Q5R798	165	1	33.130000
Q5R798	166	1	33.140000
Q5R798	167	1	32.970000
Q5R798	168	1	33.910000
Q5R798	169	1	35.000000
Q5R798	170	1	35.720000
Q5R798	171	1	36.350000
Q5R7Y9	148	1	39.700000
Q5R7Y9	149	1	38.650000
Q5R7Y9	150	1	38.130000
Q5R7Y9	151	1	37.300000
Q5R7Y9	152	1	36.860000
Q5R7Y9	153	1	36.300000
Q5R7Y9	154	1	36.180000
Q5R7Y9	155	1	36.690000
Q5R7Y9	156	1	37.490000
Q5R7Y9	157	1	38.200000
Q5R7Y9	158	1	38.930000
Q5R7Y9	159	1	39.680000
Q5R7Y9	160	1	40.610000
Q5R7Y9	161	1	41.290000
Q5R7Y9	162	1	41.850000
Q5R7Y9	163	1	42.180000
Q5R7Y9	164	1	42.490000
Q5RBH2	56	1	7.390000
Q5RBH2	57	1	7.660000
Q5RBH2	58	1	8.040000
Q5RBH2	59	1	8.400000
Q5RBH2	60	1	8.660000
Q5RBH2	61	1	9.000000
Q5RBH2	62	1	9.770000
Q5RBH2	63	1	10.800000
Q5RBH2	64	1	12.370000
Q5RCA7	4	1	88.020000
Q5RCA7	5	1	87.790000
Q5RCA7	6	1	87.510000
Q5RCA7	7	1	86.950000
Q5RCA7	8	1	86.450000
Q5RCA7	9	1	85.660000
Q5RCA7	10	1	84.110000
Q5RCA7	11	1	82.140000
Q5RCA7	12	1	80.240000
Q5RCA7	13	1	78.380000
Q5RCA7	14	1	75.940000
Q5RE55	325	1	43.500000
Q5RE55	326	1	43.680000
Q5RE55	327	1	43.750000
Q5RE55	328	1	43.700000
Q5RE55	329	1	43.320000
Q5RE55	330	1	42.610000
Q5RE55	331	1	42.020000
Q5RE55	332	1	41.430000
Q5RE55	333	1	40.820000
Q5RE55	334	1	40.300000
Q5RE55	335	1	39.730000
Q5RES4	640	1	87.280000
Q5RES4	641	1	90.130000
Q5RES4	642	1	92.700000
Q5RES4	643	1	94.460000
Q5RES4	644	1	96.160000
Q5RES4	645	1	97.050000
Q5RES4	646	1	97.250000
Q5RES4	647	1	97.540000
Q5RES4	648	1	97.940000
Q5RES4	649	1	97.870000
Q5RES4	650	1	97.550000
Q5SKN7	1	1	21.300000
Q5SKN7	2	1	20.920000
Q5SKN7	3	1	20.630000
Q5SKN7	4	1	20.160000
Q5SKN7	5	1	19.750000
Q5SKN7	6	1	18.980000
Q5SKN7	7	1	18.020000
Q5SKN7	8	1	16.390000
Q5SKN7	9	1	15.380000
Q5SKN7	10	1	14.580000
Q5SKN7	11	1	14.630000
Q5SKN7	12	1	14.380000
Q5SKN7	13	1	14.070000
Q5SKN7	14	1	13.880000
Q5SKN7	15	1	13.940000
Q5SKN7	16	1	14.210000
Q5SKN7	17	1	14.860000
Q5SKN7	18	1	15.340000
Q5SKN7	19	1	16.500000
Q5SKN7	20	1	17.400000
Q5SKN7	21	1	18.460000
Q5SKN7	22	1	18.790000
Q5SKN7	23	1	19.210000
Q5SW96	252	1	59.570000
Q5SW96	253	1	59.840000
Q5SW96	254	1	59.990000
Q5SW96	255	1	59.860000
Q5SW96	256	1	58.870000
Q5SW96	257	1	57.710000
Q5SW96	258	1	56.280000
Q5SW96	259	1	54.980000
Q5SW96	260	1	53.030000
Q5SW96	261	1	51.640000
Q5SW96	262	1	50.930000
Q5SW96	263	1	50.020000
Q5SW96	264	1	49.040000
Q5SW96	265	1	48.020000
Q5SW96	266	1	47.150000
Q5SW96	267	1	46.880000
Q5U7N6	818	1	44.220000
Q5U7N6	819	1	44.250000
Q5U7N6	820	1	44.040000
Q5U7N6	821	1	43.780000
Q5U7N6	822	1	43.660000
Q5U7N6	823	1	43.620000
Q5U7N6	824	1	43.580000
Q5U7N6	825	1	43.520000
Q5U7N6	826	1	43.490000
Q5U7N6	827	1	43.370000
Q5U7N6	828	1	43.260000
Q5U7N6	829	1	43.180000
Q5U7N6	830	1	43.170000
Q5U7N6	831	1	43.160000
Q5U7N6	832	1	43.140000
Q5U7N6	833	1	43.180000
Q5U7N6	834	1	43.270000
Q5U7N6	835	1	43.330000
Q5U7N6	836	1	43.200000
Q5U7N6	837	1	43.170000
Q5U7N6	838	1	43.190000
Q5U7N6	839	1	43.250000
Q5XLP6	5	1	46.970000
Q5XLP6	6	1	46.730000
Q5XLP6	7	1	46.320000
Q5XLP6	8	1	46.070000
Q5XLP6	9	1	45.930000
Q5XLP6	10	1	45.770000
Q5ZLB3	326	1	47.580000
Q5ZLB3	327	1	47.400000
Q5ZLB3	328	1	47.400000
Q5ZLB3	329	1	46.570000
Q5ZLB3	330	1	46.440000
Q5ZLB3	331	1	46.440000
Q5ZLB3	332	1	46.540000
Q5ZLB3	333	1	45.210000
Q5ZLB3	334	1	45.200000
Q5ZLB3	335	1	44.720000
Q5ZLB3	336	1	43.730000
Q5ZLB3	337	1	43.550000
Q5ZLB3	338	1	43.840000
Q5ZLB3	339	1	44.040000
Q5ZLB3	340	1	44.830000
Q5ZLB3	341	1	43.540000
Q5ZLB3	342	1	42.450000
Q5ZLB3	343	1	41.840000
Q5ZLB3	344	1	41.520000
Q5ZLB3	345	1	41.060000
Q5ZLB3	346	1	40.720000
Q5ZLB3	347	1	40.960000
Q5ZLB3	348	1	40.550000
Q61315	2033	1	64.760000
Q61315	2034	1	63.800000
Q61315	2035	1	63.020000
Q61315	2036	1	63.030000
Q61315	2037	1	62.810000
Q61315	2038	1	61.850000
Q61315	2039	1	59.400000
Q61315	2040	1	57.060000
Q61315	2041	1	55.720000
Q61315	2042	1	54.720000
Q61315	2043	1	53.630000
Q61315	2044	1	52.640000
Q61315	2045	1	52.300000
Q61315	2046	1	51.220000
Q61315	2047	1	48.570000
Q61315	2048	1	45.680000
Q62600	491	1	33.280000
Q62600	492	1	33.950000
Q62600	493	1	34.710000
Q62600	494	1	35.470000
Q62600	495	1	36.320000
Q62600	496	1	36.260000
Q62600	497	1	36.030000
Q62600	498	1	36.090000
Q62600	499	1	36.220000
Q62600	500	1	36.270000
Q62600	501	1	36.290000
Q62600	502	1	36.430000
Q62600	503	1	37.000000
Q62600	504	1	37.550000
Q62600	505	1	37.850000
Q62600	506	1	38.280000
Q62600	507	1	39.240000
Q62600	508	1	40.160000
Q62600	509	1	40.480000
Q62661	356	1	42.780000
Q62661	357	1	41.770000
Q62661	358	1	41.100000
Q62661	359	1	40.270000
Q62661	360	1	39.360000
Q62661	361	1	38.520000
Q62661	362	1	37.890000
Q62661	363	1	37.070000
Q62661	364	1	35.840000
Q62661	365	1	34.770000
Q62661	366	1	34.230000
Q62661	367	1	33.940000
Q62661	368	1	34.150000
Q62661	369	1	34.560000
Q62661	370	1	35.060000
Q62661	371	1	35.750000
Q62661	372	1	36.980000
Q62661	373	1	38.130000
Q62661	374	1	39.370000
Q62661	375	1	40.910000
Q62661	376	1	42.850000
Q62661	377	1	42.060000
Q62661	378	1	40.400000
Q63373	50	1	37.650000
Q63373	51	1	38.840000
Q63373	52	1	40.270000
Q63373	53	1	42.160000
Q63373	54	1	43.330000
Q63373	55	1	42.600000
Q63373	56	1	41.650000
Q63452	40	1	86.920000
Q63452	41	1	85.570000
Q63452	42	1	85.760000
Q63452	43	1	85.540000
Q63452	44	1	85.890000
Q63452	45	1	88.610000
Q63452	46	1	91.060000
Q63452	47	1	93.610000
Q63452	48	1	95.430000
Q63932	1	1	63.940000
Q63932	2	1	64.480000
Q63932	3	1	64.020000
Q63932	4	1	63.230000
Q63932	5	1	62.490000
Q63932	6	1	61.770000
Q63932	7	1	61.540000
Q63932	8	1	61.220000
Q63932	9	1	60.840000
Q63932	10	1	59.720000
Q63932	11	1	58.510000
Q63932	12	1	57.200000
Q63932	13	1	55.640000
Q63932	14	1	54.450000
Q63932	15	1	53.480000
Q63932	16	1	52.690000
Q676Z9	19	1	46.380000
Q676Z9	20	1	45.860000
Q676Z9	21	1	45.290000
Q676Z9	22	1	44.670000
Q676Z9	23	1	44.160000
Q676Z9	24	1	43.720000
Q676Z9	25	1	43.480000
Q676Z9	26	1	43.370000
Q68032	116	1	4.770000
Q68032	117	1	4.470000
Q68032	118	1	4.510000
Q68032	119	1	4.520000
Q68032	120	1	4.610000
Q68032	121	1	4.810000
Q68032	122	1	5.050000
Q68032	123	1	5.270000
Q68032	124	1	5.410000
Q68K44	573	1	3.990000
Q68K44	574	1	3.900000
Q68K44	575	1	3.720000
Q68K44	576	1	3.570000
Q68K44	577	1	3.560000
Q68K44	578	1	3.650000
Q68K44	579	1	3.670000
Q68K44	580	1	3.640000
Q68K44	581	1	3.710000
Q68K44	582	1	4.010000
Q68K44	583	1	4.430000
Q68K44	584	1	5.100000
Q69115	52	1	48.050000
Q69115	53	1	47.500000
Q69115	54	1	47.080000
Q69115	55	1	46.380000
Q69115	56	1	46.120000
Q69115	57	1	45.490000
Q69115	58	1	45.020000
Q69115	59	1	44.740000
Q69115	60	1	44.610000
Q69115	61	1	44.860000
Q69115	62	1	44.860000
Q69115	63	1	44.880000
Q69115	64	1	45.390000
Q69135	104	1	0.020000
Q69135	105	1	0.030000
Q69135	106	1	0.050000
Q69135	107	1	0.060000
Q69135	108	1	0.070000
Q69135	109	1	0.060000
Q69135	110	1	0.050000
Q69135	111	1	0.040000
Q69135	112	1	0.030000
Q69475	3	1	64.190000
Q69475	4	1	62.900000
Q69475	5	1	61.840000
Q69475	6	1	60.910000
Q69475	7	1	59.930000
Q69475	8	1	59.400000
Q69475	9	1	57.860000
Q69475	10	1	55.830000
Q6C0C5	6	1	48.440000
Q6C0C5	7	1	46.790000
Q6C0C5	8	1	45.920000
Q6C0C5	9	1	45.840000
Q6C0C5	10	1	45.570000
Q6C0C5	11	1	45.680000
Q6C0C5	12	1	45.630000
Q6C0C5	13	1	46.380000
Q6C0C5	14	1	47.010000
Q6C0C5	15	1	47.510000
Q6C0C5	16	1	48.290000
Q6C0C5	17	1	48.910000
Q6C0C5	18	1	49.360000
Q6C0C5	19	1	49.480000
Q6C0C5	20	1	49.160000
Q6DCZ9	4	1	45.910000
Q6DCZ9	5	1	44.860000
Q6DCZ9	6	1	44.080000
Q6DCZ9	7	1	43.210000
Q6DCZ9	8	1	42.960000
Q6DCZ9	9	1	42.980000
Q6DCZ9	10	1	43.350000
Q6DCZ9	11	1	42.630000
Q6DCZ9	12	1	41.660000
Q6DCZ9	13	1	40.850000
Q6DJB6	735	1	41.400000
Q6DJB6	736	1	42.150000
Q6DJB6	737	1	42.750000
Q6DJB6	738	1	43.180000
Q6DJB6	739	1	43.270000
Q6DJB6	740	1	43.070000
Q6DJB6	741	1	43.020000
Q6DJB6	742	1	43.080000
Q6DJB6	743	1	43.330000
Q6E6B6	471	1	6.260000
Q6E6B6	472	1	6.750000
Q6E6B6	473	1	7.280000
Q6E6B6	474	1	7.820000
Q6E6B6	475	1	8.400000
Q6E6B6	476	1	8.810000
Q6E6B6	477	1	9.190000
Q6E7I2	662	1	2.950000
Q6E7I2	663	1	2.990000
Q6E7I2	664	1	3.320000
Q6E7I2	665	1	3.510000
Q6E7I2	666	1	3.810000
Q6E7I2	667	1	4.060000
Q6E7I2	668	1	4.320000
Q6E7I2	669	1	4.570000
Q6JGH2	40	1	55.990000
Q6JGH2	41	1	56.640000
Q6JGH2	42	1	57.560000
Q6JGH2	43	1	58.270000
Q6JGH2	44	1	59.090000
Q6JGH2	45	1	60.460000
Q6JGH2	46	1	61.540000
Q6JGH2	47	1	62.290000
Q6JGH2	48	1	62.890000
Q6LDG3	36	1	49.980000
Q6LDG3	37	1	50.520000
Q6LDG3	38	1	50.990000
Q6LDG3	39	1	51.420000
Q6LDG3	40	1	52.100000
Q6LDG3	41	1	51.920000
Q6LDG3	42	1	51.900000
Q6LDG3	43	1	52.290000
Q6LDG3	44	1	53.070000
Q6LDG3	45	1	54.020000
Q6LDG3	46	1	54.940000
Q6LDG3	47	1	55.930000
Q6LDG3	48	1	56.800000
Q6LDG3	49	1	58.110000
Q6LDG3	50	1	59.140000
Q6LDG3	51	1	59.240000
Q6LDG3	52	1	60.050000
Q6LDG3	53	1	60.740000
Q6LDG3	54	1	60.880000
Q6LDG3	55	1	60.920000
Q6NTG0	356	1	63.030000
Q6NTG0	357	1	62.980000
Q6NTG0	358	1	62.590000
Q6NTG0	359	1	63.080000
Q6NTG0	360	1	63.920000
Q6NTG0	361	1	62.700000
Q6NTG0	362	1	63.410000
Q6NTG0	363	1	63.650000
Q6NTG0	364	1	64.190000
Q6NTG0	365	1	66.110000
Q6NTG0	366	1	68.350000
Q6NTG0	367	1	70.790000
Q6NTG0	368	1	71.550000
Q6NTG0	369	1	72.320000
Q6NTG0	370	1	72.190000
Q6NTG0	371	1	72.390000
Q6NTG0	372	1	73.700000
Q6PGS4	34	1	11.140000
Q6PGS4	35	1	12.540000
Q6PGS4	36	1	13.720000
Q6PGS4	37	1	16.590000
Q6PGS4	38	1	19.810000
Q6PGS4	39	1	23.490000
Q6PGS4	40	1	27.210000
Q6PGS4	41	1	31.870000
Q6PGS4	42	1	36.160000
Q6PGS4	43	1	40.620000
Q6PGS4	44	1	41.260000
Q6PGS4	45	1	36.520000
Q6PGS4	46	1	35.640000
Q6PGS4	47	1	32.780000
Q6PMX8	1575	1	75.590000
Q6PMX8	1576	1	78.170000
Q6PMX8	1577	1	81.700000
Q6PMX8	1578	1	83.270000
Q6PMX8	1579	1	84.120000
Q6PMX8	1580	1	84.690000
Q6PMX8	1581	1	85.700000
Q6PMX8	1582	1	84.610000
Q6PMX8	1583	1	85.110000
Q6PMX8	1584	1	85.250000
Q6PMX8	1585	1	85.780000
Q6PMX8	1586	1	86.720000
Q6PMX8	1587	1	87.370000
Q6PMX8	1588	1	86.050000
Q6PMX8	1589	1	85.420000
Q6QY94	29	1	97.700000
Q6QY94	30	1	98.400000
Q6QY94	31	1	98.710000
Q6QY94	32	1	98.760000
Q6QY94	33	1	98.770000
Q6QY94	34	1	98.910000
Q6QY94	35	1	98.940000
Q6QY94	36	1	98.980000
Q6QZ87	17	1	72.100000
Q6QZ87	18	1	75.210000
Q6QZ87	19	1	77.440000
Q6QZ87	20	1	80.670000
Q6QZ87	21	1	84.780000
Q6QZ87	22	1	88.880000
Q6QZ87	23	1	91.250000
Q6QZ87	24	1	93.440000
Q6QZ87	25	1	94.280000
Q6QZ87	26	1	95.440000
Q6QZ87	27	1	96.660000
Q6QZ87	28	1	97.500000
Q6QZ87	29	1	98.180000
Q6QZ87	30	1	98.710000
Q6QZ87	31	1	98.950000
Q6QZ87	32	1	98.970000
Q6QZ87	33	1	98.950000
Q6QZ87	34	1	99.050000
Q6QZ87	35	1	99.060000
Q6QZ87	36	1	99.080000
Q6QZ87	37	1	98.910000
Q6QZ87	38	1	98.520000
Q6QZ87	39	1	98.010000
Q6QZ87	40	1	97.300000
Q6RD00	1775	1	31.220000
Q6RD00	1776	1	32.490000
Q6RD00	1777	1	34.720000
Q6RD00	1778	1	35.560000
Q6RD00	1779	1	35.180000
Q6RD00	1780	1	35.480000
Q6RD00	1781	1	36.440000
Q6RD00	1782	1	35.460000
Q6RD00	1783	1	34.140000
Q6SPY9	287	1	2.810000
Q6SPY9	288	1	2.350000
Q6SPY9	289	1	2.100000
Q6SPY9	290	1	2.020000
Q6SPY9	291	1	2.030000
Q6SPY9	292	1	2.250000
Q6SPY9	293	1	2.760000
Q6SPY9	294	1	3.400000
Q6SPY9	295	1	4.290000
Q6SPY9	296	1	5.650000
Q6SPY9	297	1	7.880000
Q6VS85	120	1	41.780000
Q6VS85	121	1	41.410000
Q6VS85	122	1	40.090000
Q6VS85	123	1	39.240000
Q6VS85	124	1	38.660000
Q6VS85	125	1	39.140000
Q6VS85	126	1	40.420000
Q6VS85	127	1	41.710000
Q6VS85	128	1	42.550000
Q6VS85	129	1	43.270000
Q6VS85	130	1	42.690000
Q6VS85	131	1	42.380000
Q6VS85	132	1	41.620000
Q6XD19	46	1	50.120000
Q6XD19	47	1	50.080000
Q6XD19	48	1	49.470000
Q6XD19	49	1	48.780000
Q6XD19	50	1	48.360000
Q6XD19	51	1	48.110000
Q6XD19	52	1	48.190000
Q6XD19	53	1	47.740000
Q6XD19	54	1	47.140000
Q6XD19	55	1	46.290000
Q6XD19	56	1	45.890000
Q6XD19	57	1	45.870000
Q6XD19	58	1	46.510000
Q6XD19	59	1	47.430000
Q6XVZ2	610	1	42.790000
Q6XVZ2	611	1	42.940000
Q6XVZ2	612	1	43.090000
Q6XVZ2	613	1	43.240000
Q6XVZ2	614	1	43.260000
Q6XVZ2	615	1	43.270000
Q6XVZ2	616	1	43.300000
Q6XVZ2	617	1	43.360000
Q6XVZ2	618	1	43.370000
Q6XVZ2	619	1	43.370000
Q6XVZ2	620	1	43.370000
Q6XVZ2	621	1	43.400000
Q6XVZ2	622	1	43.450000
Q6XVZ2	623	1	43.490000
Q6XVZ2	624	1	43.460000
Q6XVZ2	625	1	43.480000
Q6XVZ2	626	1	43.530000
Q6XVZ2	627	1	43.500000
Q6XVZ2	628	1	43.380000
Q6XVZ2	629	1	43.350000
Q6XVZ2	630	1	43.330000
Q6XVZ2	631	1	43.320000
Q766U7	431	1	41.420000
Q766U7	432	1	39.210000
Q766U7	433	1	36.490000
Q766U7	434	1	34.350000
Q766U7	435	1	33.170000
Q766U7	436	1	32.700000
Q766U7	437	1	31.630000
Q766U7	438	1	31.160000
Q766U7	439	1	30.690000
Q766U7	440	1	29.680000
Q766U7	441	1	28.750000
Q77659	77	1	14.320000
Q77659	78	1	13.510000
Q77659	79	1	12.670000
Q77659	80	1	11.950000
Q77659	81	1	11.350000
Q77659	82	1	11.810000
Q77659	83	1	12.650000
Q77659	84	1	13.660000
Q77659	85	1	14.890000
Q79445	9	1	45.300000
Q79445	10	1	50.120000
Q79445	11	1	54.780000
Q79445	12	1	60.910000
Q79445	13	1	64.880000
Q79445	14	1	67.720000
Q79445	15	1	69.860000
Q79445	16	1	71.800000
Q79445	17	1	72.950000
Q79445	18	1	74.930000
Q79445	19	1	76.520000
Q79445	20	1	77.980000
Q79445	21	1	79.830000
Q79445	22	1	81.410000
Q79445	23	1	80.580000
Q79445	24	1	79.490000
Q79445	25	1	79.260000
Q79445	26	1	77.860000
Q7JNA0	2	1	89.530000
Q7JNA0	3	1	87.640000
Q7JNA0	4	1	85.290000
Q7JNA0	5	1	83.630000
Q7JNA0	6	1	82.330000
Q7JNA0	7	1	78.910000
Q7JNA0	8	1	77.110000
Q7JNA0	9	1	74.650000
Q7KQD1	18	1	45.820000
Q7KQD1	19	1	45.660000
Q7KQD1	20	1	45.260000
Q7KQD1	21	1	44.820000
Q7KQD1	22	1	44.320000
Q7KQD1	23	1	43.900000
Q7KQD1	24	1	43.550000
Q7KQD1	25	1	43.380000
Q7KQD1	26	1	43.320000
Q7TMR8	1018	1	64.240000
Q7TMR8	1019	1	64.760000
Q7TMR8	1020	1	66.070000
Q7TMR8	1021	1	67.860000
Q7TMR8	1022	1	68.790000
Q7TMR8	1023	1	69.400000
Q7TMR8	1024	1	69.860000
Q7TMR8	1025	1	70.860000
Q7TMR8	1026	1	70.820000
Q7TMR8	1027	1	71.430000
Q7TMR8	1028	1	71.760000
Q7TMR8	1029	1	72.340000
Q7Y1U3	47	1	0.000000
Q7Y1U3	48	1	0.000000
Q7Y1U3	49	1	0.000000
Q7Y1U3	50	1	0.000000
Q7Y1U3	51	1	0.000000
Q7Y1U3	52	1	0.000000
Q7Y1U3	53	1	0.010000
Q7Y1U3	54	1	0.010000
Q7Y1U3	55	1	0.010000
Q7Y1U3	56	1	0.020000
Q7Y1U3	57	1	0.020000
Q7Y1U3	58	1	0.010000
Q7Y1U3	59	1	0.010000
Q7Y1U3	60	1	0.010000
Q7Y1U3	61	1	0.010000
Q804I7	505	1	13.910000
Q804I7	506	1	13.750000
Q804I7	507	1	13.330000
Q804I7	508	1	13.420000
Q804I7	509	1	13.540000
Q804I7	510	1	13.950000
Q804I7	511	1	14.560000
Q804I7	512	1	15.570000
Q804I7	513	1	16.500000
Q804I7	514	1	17.430000
Q804I7	515	1	18.470000
Q804I7	516	1	19.500000
Q804I7	517	1	20.850000
Q804I7	518	1	22.690000
Q804I7	519	1	24.290000
Q804I7	520	1	25.780000
Q804I7	521	1	26.520000
Q804I7	522	1	27.500000
Q804I7	523	1	28.530000
Q804I7	524	1	29.870000
Q804I7	525	1	31.750000
Q804I7	526	1	34.110000
Q804I7	527	1	36.250000
Q804I7	528	1	37.920000
Q804I7	529	1	39.780000
Q80539	8	1	43.180000
Q80539	9	1	43.230000
Q80539	10	1	43.300000
Q80539	11	1	43.370000
Q80539	12	1	43.430000
Q80539	13	1	43.470000
Q80539	14	1	43.500000
Q80539	15	1	43.510000
Q80539	16	1	43.540000
Q80539	17	1	43.580000
Q80539	18	1	43.620000
Q80539	19	1	43.640000
Q80539	20	1	43.670000
Q80539	21	1	43.670000
Q80539	22	1	43.650000
Q80539	23	1	43.630000
Q80GM4	178	1	44.230000
Q80GM4	179	1	44.010000
Q80GM4	180	1	43.620000
Q80GM4	181	1	42.900000
Q80GM4	182	1	41.790000
Q80GM4	183	1	40.520000
Q80GM4	184	1	39.020000
Q80GM4	185	1	37.230000
Q80ZL3	721	1	50.800000
Q80ZL3	722	1	51.230000
Q80ZL3	723	1	51.130000
Q80ZL3	724	1	50.820000
Q80ZL3	725	1	50.900000
Q80ZL3	726	1	51.080000
Q80ZL3	727	1	50.500000
Q80ZL3	728	1	49.990000
Q80ZL3	729	1	49.770000
Q80ZU2	184	1	3.180000
Q80ZU2	185	1	3.210000
Q80ZU2	186	1	3.330000
Q80ZU2	187	1	3.420000
Q80ZU2	188	1	3.430000
Q80ZU2	189	1	3.450000
Q80ZU2	190	1	3.600000
Q80ZU2	191	1	3.560000
Q865B6	206	1	76.970000
Q865B6	207	1	82.180000
Q865B6	208	1	87.310000
Q865B6	209	1	89.240000
Q865B6	210	1	89.300000
Q865B6	211	1	89.010000
Q865B6	212	1	87.050000
Q865B6	213	1	81.740000
Q865B6	214	1	75.700000
Q86R27	7	1	70.790000
Q86R27	8	1	69.840000
Q86R27	9	1	67.380000
Q86R27	10	1	66.540000
Q86R27	11	1	66.020000
Q86R27	12	1	66.200000
Q86R27	13	1	67.450000
Q86R27	14	1	69.910000
Q86R38	27	1	64.940000
Q86R38	28	1	62.120000
Q86R38	29	1	60.600000
Q86R38	30	1	58.820000
Q86R38	31	1	57.420000
Q86R38	32	1	56.690000
Q86R38	33	1	56.570000
Q86R38	34	1	56.160000
Q86R38	35	1	55.840000
Q86R38	36	1	55.420000
Q86R38	37	1	55.100000
Q86R38	38	1	54.960000
Q86R38	39	1	54.730000
Q86R38	40	1	53.370000
Q874Y8	343	1	42.090000
Q874Y8	344	1	42.690000
Q874Y8	345	1	43.880000
Q874Y8	346	1	44.360000
Q874Y8	347	1	44.930000
Q874Y8	348	1	45.800000
Q874Y8	349	1	46.560000
Q874Y8	350	1	47.400000
Q874Y8	351	1	49.220000
Q8BJF9	200	1	46.260000
Q8BJF9	201	1	46.520000
Q8BJF9	202	1	47.070000
Q8BJF9	203	1	47.900000
Q8BJF9	204	1	48.840000
Q8BJF9	205	1	49.660000
Q8BJF9	206	1	50.810000
Q8BJF9	207	1	51.840000
Q8BJF9	208	1	52.290000
Q8BJF9	209	1	52.910000
Q8BJF9	210	1	53.790000
Q8BJF9	211	1	54.140000
Q8BJF9	212	1	54.910000
Q8BJF9	213	1	55.390000
Q8C8H5	387	1	12.260000
Q8C8H5	388	1	10.310000
Q8C8H5	389	1	9.230000
Q8C8H5	390	1	7.400000
Q8C8H5	391	1	5.780000
Q8C8H5	392	1	4.590000
Q8C8H5	393	1	3.680000
Q8C8H5	394	1	3.070000
Q8C8H5	395	1	2.890000
Q8C8H5	396	1	2.510000
Q8CBD1	380	1	92.840000
Q8CBD1	381	1	94.580000
Q8CBD1	382	1	95.440000
Q8CBD1	383	1	95.570000
Q8CBD1	384	1	95.090000
Q8CBD1	385	1	94.860000
Q8CBD1	386	1	93.950000
Q8CBD1	387	1	92.000000
Q8CBD1	388	1	90.120000
Q8CBD1	389	1	88.080000
Q8CBD1	390	1	85.240000
Q8CBD1	391	1	81.880000
Q8CBD1	392	1	76.390000
Q8JEB5	192	1	41.660000
Q8JEB5	193	1	41.340000
Q8JEB5	194	1	40.830000
Q8JEB5	195	1	40.430000
Q8JEB5	196	1	40.120000
Q8JEB5	197	1	39.710000
Q8JEB5	198	1	39.520000
Q8JEB5	199	1	40.010000
Q8JEB5	200	1	40.340000
Q8JEB5	201	1	40.310000
Q8MKD5	130	1	38.950000
Q8MKD5	131	1	39.670000
Q8MKD5	132	1	40.380000
Q8MKD5	133	1	41.170000
Q8MKD5	134	1	41.770000
Q8MKD5	135	1	42.120000
Q8MKD5	136	1	42.600000
Q8MKD5	137	1	42.670000
Q8MKD5	138	1	42.940000
Q8MKD5	139	1	43.280000
Q8MKD5	140	1	43.020000
Q8MKD5	141	1	42.970000
Q8MKD5	142	1	42.770000
Q8MKD5	143	1	42.670000
Q8MKD5	144	1	42.700000
Q8MKD5	145	1	42.200000
Q8MKD5	146	1	41.590000
Q8MKD5	147	1	41.050000
Q8MKD5	148	1	40.260000
Q8MKD5	149	1	39.570000
Q8MTV8	17	1	44.660000
Q8MTV8	18	1	44.550000
Q8MTV8	19	1	44.320000
Q8MTV8	20	1	44.040000
Q8MTV8	21	1	43.730000
Q8MTV8	22	1	43.390000
Q8MTV8	23	1	43.110000
Q8MTV8	24	1	42.990000
Q8NFF3	51	1	41.170000
Q8NFF3	52	1	41.210000
Q8NFF3	53	1	40.610000
Q8NFF3	54	1	39.900000
Q8NFF3	55	1	39.050000
Q8NFF3	56	1	38.200000
Q8NFF3	57	1	37.260000
Q8NFF3	58	1	36.550000
Q8NFF3	59	1	35.990000
Q8NFF3	60	1	36.090000
Q8NFF3	61	1	36.850000
Q8NFF3	62	1	37.080000
Q8NFF3	63	1	37.840000
Q8NFF3	64	1	39.200000
Q8NFF3	65	1	41.200000
Q8NFF3	66	1	43.220000
Q8NFL8	4	1	57.220000
Q8NFL8	5	1	57.320000
Q8NFL8	6	1	57.440000
Q8NFL8	7	1	58.400000
Q8NFL8	8	1	58.730000
Q8NFL8	9	1	59.230000
Q8NFL8	10	1	58.930000
Q8QCS8	39	1	43.300000
Q8QCS8	40	1	42.180000
Q8QCS8	41	1	41.130000
Q8QCS8	42	1	40.310000
Q8QCS8	43	1	39.900000
Q8QCS8	44	1	39.720000
Q8QCS8	45	1	39.430000
Q8QCS8	46	1	39.050000
Q8QCS8	47	1	38.690000
Q8QCS8	48	1	38.600000
Q8RVT7	752	1	0.220000
Q8RVT7	753	1	0.290000
Q8RVT7	754	1	0.390000
Q8RVT7	755	1	0.490000
Q8RVT7	756	1	0.670000
Q8RVT7	757	1	0.850000
Q8RVT7	758	1	1.070000
Q8RVT7	759	1	1.190000
Q8RVT7	760	1	1.380000
Q8V545	121	1	0.160000
Q8V545	122	1	0.170000
Q8V545	123	1	0.170000
Q8V545	124	1	0.160000
Q8V545	125	1	0.140000
Q8V545	126	1	0.130000
Q8VDF3	312	1	42.280000
Q8VDF3	313	1	42.980000
Q8VDF3	314	1	40.780000
Q8VDF3	315	1	38.230000
Q8VDF3	316	1	36.800000
Q8VDF3	317	1	35.120000
Q8VDF3	318	1	33.270000
Q8VDF3	319	1	31.600000
Q8VDF3	320	1	31.000000
Q8VDF3	321	1	30.610000
Q8VDF3	322	1	29.920000
Q8VDF3	323	1	28.850000
Q8VDF3	324	1	27.940000
Q8VDF3	325	1	27.950000
Q8VDF3	326	1	27.740000
Q8VDF3	327	1	27.040000
Q8VDF3	328	1	26.680000
Q8VDF3	329	1	27.030000
Q8VDF3	330	1	27.220000
Q8X7Q1	345	1	38.480000
Q8X7Q1	346	1	38.930000
Q8X7Q1	347	1	39.130000
Q8X7Q1	348	1	39.140000
Q8X7Q1	349	1	38.810000
Q8X7Q1	350	1	38.630000
Q8X7Q1	351	1	39.170000
Q91YS8	294	1	40.910000
Q91YS8	295	1	40.850000
Q91YS8	296	1	40.870000
Q91YS8	297	1	40.800000
Q91YS8	298	1	40.640000
Q91YS8	299	1	40.780000
Q91YS8	300	1	41.340000
Q91YS8	301	1	41.870000
Q91YS8	302	1	42.560000
Q91YS8	303	1	43.580000
Q91YS8	304	1	44.680000
Q91YS8	305	1	45.860000
Q91YS8	306	1	47.230000
Q91YS8	307	1	48.520000
Q91YS8	308	1	49.320000
Q91YS8	309	1	49.700000
Q91YS8	310	1	49.900000
Q91YS8	311	1	50.450000
Q91YS8	312	1	50.750000
Q91YS8	313	1	50.540000
Q91YS8	314	1	49.770000
Q91YS8	315	1	49.130000
Q91YS8	316	1	48.350000
Q91YS8	317	1	47.120000
Q91YS8	318	1	46.050000
Q925J9	641	1	90.560000
Q925J9	642	1	93.120000
Q925J9	643	1	94.850000
Q925J9	644	1	96.490000
Q925J9	645	1	97.360000
Q925J9	646	1	97.560000
Q925J9	647	1	97.840000
Q925J9	648	1	98.220000
Q925J9	649	1	98.160000
Q925J9	650	1	97.880000
Q925J9	651	1	97.600000
Q93P01	207	1	60.270000
Q93P01	208	1	60.920000
Q93P01	209	1	60.200000
Q93P01	210	1	58.130000
Q93P01	211	1	55.750000
Q93P01	212	1	53.990000
Q93P01	213	1	50.790000
Q93P01	214	1	47.660000
Q94985	444	1	54.910000
Q94985	445	1	57.110000
Q94985	446	1	59.480000
Q94985	447	1	60.960000
Q94985	448	1	62.560000
Q94985	449	1	64.650000
Q94985	450	1	66.590000
Q94985	451	1	68.470000
Q96RJ3	16	1	41.850000
Q96RJ3	17	1	42.150000
Q96RJ3	18	1	42.780000
Q96RJ3	19	1	43.170000
Q96RJ3	20	1	42.690000
Q96RJ3	21	1	42.610000
Q96RJ3	22	1	42.740000
Q96RJ3	23	1	43.140000
Q96RJ3	24	1	43.960000
Q96RJ3	25	1	45.530000
Q96RJ3	26	1	46.690000
Q96RJ3	27	1	48.240000
Q96RJ3	28	1	49.500000
Q96RJ3	29	1	50.120000
Q96RJ3	30	1	50.200000
Q96RJ3	31	1	49.410000
Q96RJ3	32	1	48.130000
Q96RJ3	33	1	47.970000
Q96RJ3	34	1	47.420000
Q96RJ3	35	1	46.540000
Q96RJ3	36	1	46.160000
Q96RJ3	37	1	46.100000
Q96RJ3	38	1	45.460000
Q96RJ3	39	1	44.620000
Q99741	89	1	77.040000
Q99741	90	1	80.310000
Q99741	91	1	83.460000
Q99741	92	1	85.570000
Q99741	93	1	87.210000
Q99741	94	1	89.130000
Q99741	95	1	90.480000
Q99741	96	1	91.500000
Q99741	97	1	91.370000
Q99741	98	1	90.240000
Q99741	99	1	87.910000
Q99741	100	1	85.350000
Q99EL5	97	1	34.130000
Q99EL5	98	1	34.250000
Q99EL5	99	1	34.680000
Q99EL5	100	1	34.390000
Q99EL5	101	1	34.190000
Q99EL5	102	1	33.910000
Q99EL5	103	1	33.880000
Q99EL5	104	1	34.060000
Q99EL5	105	1	35.790000
Q9BT61	430	1	50.930000
Q9BT61	431	1	51.210000
Q9BT61	432	1	50.850000
Q9BT61	433	1	50.330000
Q9BT61	434	1	50.030000
Q9BT61	435	1	49.660000
Q9BT61	436	1	49.640000
Q9BT61	437	1	49.810000
Q9BT61	438	1	50.480000
Q9BT61	439	1	51.080000
Q9BT61	440	1	50.930000
Q9BT61	441	1	50.820000
Q9BT61	442	1	51.300000
Q9D8D0	152	1	85.940000
Q9D8D0	153	1	85.940000
Q9D8D0	154	1	85.380000
Q9D8D0	155	1	86.060000
Q9D8D0	156	1	86.790000
Q9D8D0	157	1	87.640000
Q9D8D0	158	1	88.030000
Q9D8D0	159	1	88.560000
Q9D8D0	160	1	89.540000
Q9D8D0	161	1	89.650000
Q9D8D0	162	1	89.480000
Q9D8D0	163	1	89.500000
Q9D8D0	164	1	89.450000
Q9D8D0	165	1	89.430000
Q9D8D0	166	1	87.680000
Q9D8D0	167	1	84.740000
Q9D8D0	168	1	81.560000
Q9DGL0	1042	1	40.730000
Q9DGL0	1043	1	40.950000
Q9DGL0	1044	1	40.850000
Q9DGL0	1045	1	40.680000
Q9DGL0	1046	1	40.620000
Q9DGL0	1047	1	40.940000
Q9DGL0	1048	1	41.550000
Q9DGL0	1049	1	41.750000
Q9DL06	114	1	35.590000
Q9DL06	115	1	37.600000
Q9DL06	116	1	38.450000
Q9DL06	117	1	38.670000
Q9DL06	118	1	38.850000
Q9DL06	119	1	38.660000
Q9DL06	120	1	37.950000
Q9DTL1	9	1	3.810000
Q9DTL1	10	1	4.490000
Q9DTL1	11	1	4.460000
Q9DTL1	12	1	4.290000
Q9DTL1	13	1	4.060000
Q9DTL1	14	1	4.080000
Q9DTL1	15	1	4.210000
Q9DTL1	16	1	4.420000
Q9DTL1	17	1	4.290000
Q9DTS5	10	1	4.490000
Q9DTS5	11	1	4.460000
Q9DTS5	12	1	4.290000
Q9DTS5	13	1	4.060000
Q9DTS5	14	1	4.080000
Q9DTS5	15	1	4.210000
Q9DTS5	16	1	4.420000
Q9DTS5	17	1	4.290000
Q9DTS6	9	1	3.810000
Q9DTS6	10	1	4.490000
Q9DTS6	11	1	4.460000
Q9DTS6	12	1	4.290000
Q9DTS6	13	1	4.060000
Q9DTS6	14	1	4.080000
Q9DTS6	15	1	4.210000
Q9DTS6	16	1	4.420000
Q9DTS6	17	1	4.290000
Q9DTU3	9	1	3.810000
Q9DTU3	10	1	4.490000
Q9DTU3	11	1	4.460000
Q9DTU3	12	1	4.290000
Q9DTU3	13	1	4.060000
Q9DTU3	14	1	4.080000
Q9DTU3	15	1	4.210000
Q9DTU3	16	1	4.420000
Q9DTU3	17	1	4.290000
Q9DUN0	4	1	98.690000
Q9DUN0	5	1	98.450000
Q9DUN0	6	1	98.300000
Q9DUN0	7	1	97.630000
Q9DUN0	8	1	97.150000
Q9DUN0	9	1	95.830000
Q9DUN0	10	1	94.250000
Q9DUN0	11	1	92.280000
Q9DUN0	12	1	90.170000
Q9DUN0	13	1	87.990000
Q9DUN0	14	1	85.790000
Q9DUN0	15	1	83.570000
Q9DUN0	16	1	81.190000
Q9DUN0	17	1	76.410000
Q9EQ04	135	1	39.060000
Q9EQ04	136	1	38.410000
Q9EQ04	137	1	37.700000
Q9EQ04	138	1	36.830000
Q9EQ04	139	1	35.170000
Q9EQ04	140	1	33.500000
Q9EQ04	141	1	32.670000
Q9EQ04	142	1	32.970000
Q9EQ04	143	1	33.130000
Q9EQ04	144	1	32.760000
Q9EQ04	145	1	32.360000
Q9EQ04	146	1	32.120000
Q9EQ04	147	1	32.580000
Q9EQ04	148	1	33.860000
Q9EQ04	149	1	35.110000
Q9EQ04	150	1	36.620000
Q9EQ04	151	1	38.560000
Q9EQ04	152	1	40.150000
Q9GL10	20	1	26.170000
Q9GL10	21	1	25.490000
Q9GL10	22	1	24.680000
Q9GL10	23	1	24.120000
Q9GL10	24	1	23.520000
Q9GL10	25	1	23.080000
Q9GL10	26	1	22.270000
Q9GL10	27	1	21.780000
Q9GL10	28	1	21.430000
Q9GL10	29	1	21.070000
Q9GL10	30	1	20.630000
Q9GL10	31	1	19.320000
Q9GL10	32	1	18.060000
Q9GL10	33	1	17.130000
Q9GTX5	141	1	57.060000
Q9GTX5	142	1	58.020000
Q9GTX5	143	1	58.820000
Q9GTX5	144	1	59.030000
Q9GTX5	145	1	59.400000
Q9GTX5	146	1	59.880000
Q9GTX5	147	1	59.700000
Q9GTX5	148	1	60.310000
Q9GTX5	149	1	60.870000
Q9I9E7	596	1	40.560000
Q9I9E7	597	1	41.300000
Q9I9E7	598	1	42.000000
Q9I9E7	599	1	42.610000
Q9I9E7	600	1	43.110000
Q9I9E7	601	1	43.200000
Q9I9E7	602	1	42.880000
Q9I9E7	603	1	42.720000
Q9I9E7	604	1	42.710000
Q9I9E7	605	1	42.940000
Q9I9E7	606	1	43.320000
Q9I9E7	607	1	43.560000
Q9I9E7	608	1	43.790000
Q9I9K0	736	1	53.260000
Q9I9K0	737	1	52.770000
Q9I9K0	738	1	52.130000
Q9I9K0	739	1	51.220000
Q9I9K0	740	1	49.540000
Q9I9K0	741	1	48.120000
Q9I9K0	742	1	46.830000
Q9J7Z0	362	1	26.120000
Q9J7Z0	363	1	27.000000
Q9J7Z0	364	1	27.920000
Q9J7Z0	365	1	28.310000
Q9J7Z0	366	1	27.900000
Q9J7Z0	367	1	27.120000
Q9J7Z0	368	1	26.400000
Q9J7Z0	369	1	25.980000
Q9J7Z0	370	1	25.360000
Q9J7Z0	371	1	24.430000
Q9J7Z0	372	1	23.660000
Q9J7Z0	373	1	22.410000
Q9J7Z0	374	1	21.280000
Q9J7Z0	375	1	20.220000
Q9J7Z0	376	1	19.550000
Q9J7Z0	377	1	19.180000
Q9J7Z0	378	1	19.200000
Q9J7Z0	379	1	18.720000
Q9J7Z0	380	1	18.090000
Q9J7Z0	381	1	17.460000
Q9J7Z0	382	1	17.010000
Q9J7Z0	383	1	16.610000
Q9KWH9	470	1	57.190000
Q9KWH9	471	1	59.780000
Q9KWH9	472	1	62.850000
Q9KWH9	473	1	65.130000
Q9KWH9	474	1	66.020000
Q9KWH9	475	1	66.120000
Q9KWH9	476	1	66.750000
Q9KWH9	477	1	67.110000
Q9KWH9	478	1	66.730000
Q9KWH9	479	1	66.570000
Q9KWH9	480	1	66.010000
Q9KWH9	481	1	64.770000
Q9MXL8	3	1	20.140000
Q9MXL8	4	1	21.280000
Q9MXL8	5	1	22.160000
Q9MXL8	6	1	22.780000
Q9MXL8	7	1	23.810000
Q9MXL8	8	1	24.880000
Q9MXL8	9	1	25.360000
Q9MXL8	10	1	25.830000
Q9MXL8	11	1	25.940000
Q9NYF0	829	1	37.420000
Q9NYF0	830	1	36.620000
Q9NYF0	831	1	36.300000
Q9NYF0	832	1	35.980000
Q9NYF0	833	1	35.790000
Q9NYF0	834	1	36.560000
Q9NYF0	835	1	37.120000
Q9NYF0	836	1	36.910000
Q9PSD4	1046	1	42.370000
Q9PSD4	1047	1	42.220000
Q9PSD4	1048	1	42.240000
Q9PSD4	1049	1	42.520000
Q9PSD4	1050	1	42.910000
Q9PSD4	1051	1	42.910000
Q9PSD4	1052	1	42.610000
Q9PSD4	1053	1	43.000000
Q9PSD4	1054	1	43.030000
Q9PSD4	1055	1	42.470000
Q9PSD8	243	1	83.860000
Q9PSD8	244	1	84.590000
Q9PSD8	245	1	85.460000
Q9PSD8	246	1	85.780000
Q9PSD8	247	1	85.120000
Q9PSD8	248	1	84.190000
Q9PSD8	249	1	83.380000
Q9PSD8	250	1	82.000000
Q9PSD8	251	1	81.120000
Q9PSD8	252	1	79.890000
Q9QP61	1678	1	4.390000
Q9QP61	1679	1	4.170000
Q9QP61	1680	1	3.880000
Q9QP61	1681	1	3.630000
Q9QP61	1682	1	3.540000
Q9QP61	1683	1	3.580000
Q9QP61	1684	1	3.540000
Q9QP61	1685	1	3.470000
Q9QP61	1686	1	3.490000
Q9QP61	1687	1	3.770000
Q9QP61	1688	1	4.130000
Q9QP61	1689	1	4.720000
Q9QP61	1690	1	5.180000
Q9QP61	1691	1	5.750000
Q9QP61	1692	1	6.520000
Q9QP61	1693	1	6.970000
Q9QP61	1694	1	7.590000
Q9QYS6	504	1	74.170000
Q9QYS6	505	1	76.990000
Q9QYS6	506	1	80.960000
Q9QYS6	507	1	82.110000
Q9QYS6	508	1	80.470000
Q9QYS6	509	1	81.060000
Q9QYS6	510	1	81.240000
Q9QYS6	511	1	79.470000
Q9QYS6	512	1	78.250000
Q9QYS6	513	1	77.780000
Q9QYS6	514	1	78.180000
Q9QYS6	515	1	78.860000
Q9QYS6	516	1	79.040000
Q9QYS6	517	1	79.580000
Q9QYS6	518	1	80.840000
Q9R237	155	1	94.000000
Q9R237	156	1	95.350000
Q9R237	157	1	96.870000
Q9R237	158	1	97.880000
Q9R237	159	1	98.500000
Q9R237	160	1	98.990000
Q9R237	161	1	99.340000
Q9R237	162	1	99.450000
Q9R237	163	1	99.560000
Q9R237	164	1	99.570000
Q9RET9	51	1	9.790000
Q9RET9	52	1	10.530000
Q9RET9	53	1	11.390000
Q9RET9	54	1	12.180000
Q9RET9	55	1	13.020000
Q9RET9	56	1	14.260000
Q9RET9	57	1	15.340000
Q9RET9	58	1	16.280000
Q9RET9	59	1	17.040000
Q9RET9	60	1	17.850000
Q9RET9	61	1	18.420000
Q9RET9	62	1	18.910000
Q9RET9	63	1	19.320000
Q9RET9	64	1	19.660000
Q9RET9	65	1	20.130000
Q9RET9	66	1	20.450000
Q9WBA4	39	1	39.970000
Q9WBA4	40	1	41.680000
Q9WBA4	41	1	42.730000
Q9WBA4	42	1	42.530000
Q9WBA4	43	1	40.920000
Q9WBA4	44	1	39.430000
Q9WBA4	45	1	38.300000
Q9WBA4	46	1	37.330000
Q9WBA4	47	1	38.100000
Q9WBA4	48	1	40.000000
Q9WU82	30	1	71.030000
Q9WU82	31	1	70.130000
Q9WU82	32	1	68.180000
Q9WU82	33	1	66.250000
Q9WU82	34	1	65.030000
Q9WU82	35	1	63.740000
Q9WU82	36	1	62.090000
Q9WU82	37	1	60.810000
Q9WU82	38	1	59.660000
Q9WU82	39	1	57.820000
Q9WU82	40	1	55.350000
Q9WUX4	138	1	30.330000
Q9WUX4	139	1	33.100000
Q9WUX4	140	1	34.920000
Q9WUX4	141	1	36.180000
Q9WUX4	142	1	38.890000
Q9WUX4	143	1	41.720000
Q9WUX4	144	1	41.980000
Q9WUX4	145	1	38.880000
Q9WUX4	146	1	37.840000
Q9WUX4	147	1	36.570000
Q9WUX4	148	1	35.450000
Q9WVL4	1	1	40.490000
Q9WVL4	2	1	41.390000
Q9WVL4	3	1	42.220000
Q9WVL4	4	1	42.900000
Q9WVL4	5	1	43.050000
Q9WVL4	6	1	42.870000
Q9WVL4	7	1	43.350000
Q9WVL4	8	1	43.160000
Q9WVL4	9	1	43.280000
Q9WVL4	10	1	42.970000
Q9WVL4	11	1	42.070000
Q9WVL4	12	1	41.410000
Q9WVL4	13	1	41.390000
Q9WVL4	14	1	41.440000
Q9WVL4	15	1	41.420000
Q9WVL4	16	1	40.650000
Q9XSJ7	1036	1	97.440000
Q9XSJ7	1037	1	97.720000
Q9XSJ7	1038	1	97.990000
Q9XSJ7	1039	1	98.130000
Q9XSJ7	1040	1	98.250000
Q9XSJ7	1041	1	98.280000
Q9XSJ7	1042	1	98.330000
Q9XSJ7	1043	1	98.650000
Q9Y5B0	944	1	89.060000
Q9Y5B0	945	1	92.930000
Q9Y5B0	946	1	95.520000
Q9Y5B0	947	1	97.280000
Q9Y5B0	948	1	98.310000
Q9Y5B0	949	1	98.960000
Q9Y5B0	950	1	99.270000
Q9Y5B0	951	1	99.510000
Q9Y5B0	952	1	99.710000
Q9Y5B0	953	1	99.820000
Q9Y5B0	954	1	99.860000
Q9Y5B0	955	1	99.900000
Q9Y5B0	956	1	99.920000
Q9Y5B0	957	1	99.940000
Q9Y5B0	958	1	99.940000
Q9Y5B0	959	1	99.950000
Q9Y5B0	960	1	99.960000
Q9Y5B0	961	1	99.970000
Q9YH60	3	1	57.990000
Q9YH60	4	1	58.030000
Q9YH60	5	1	57.720000
Q9YH60	6	1	57.500000
Q9YH60	7	1	57.390000
Q9YH60	8	1	57.900000
Q9YH60	9	1	59.030000
Q9YH60	10	1	60.190000
Q9YH60	11	1	59.560000
Q9YH60	12	1	58.590000
Q9Z0J4	226	1	53.720000
Q9Z0J4	227	1	54.010000
Q9Z0J4	228	1	54.460000
Q9Z0J4	229	1	54.340000
Q9Z0J4	230	1	55.460000
Q9Z0J4	231	1	55.920000
Q9Z0J4	232	1	56.080000
Q9Z0J4	233	1	57.170000
Q9Z0J4	234	1	57.940000
Q9Z0J4	235	1	58.640000
Q9Z0J4	236	1	59.250000
Q9Z0J4	237	1	59.570000
